0 297
0 286
0 313
1 260
1 39
2 171
2 59
3 180
3 209
4 3
4 310
5 195
5 214
6 164
6 177
7 243
7 185
7 233
8 175
9 171
9 299
10 266
12 241
13 198
13 268
15 230
16 291
16 297
16 45
16 313
17 45
17 297
18 297
18 313
18 45
18 291
19 313
19 291
19 297
19 45
20 313
20 45
20 291
20 297
21 313
21 297
22 297
22 291
22 313
23 297
23 45
24 45
24 297
24 291
24 313
25 297
25 291
25 313
25 45
26 45
26 291
26 313
26 297
27 45
27 291
27 297
28 282
28 45
28 291
28 297
29 45
29 297
29 313
29 291
30 313
30 45
30 291
30 297
31 291
31 297
31 313
31 45
32 45
32 297
32 313
33 180
34 206
34 208
34 250
35 291
35 313
35 45
36 233
36 7
37 265
37 313
37 297
37 45
37 291
38 165
38 168
38 207
39 206
39 250
39 4
40 255
41 45
41 297
41 313
42 313
42 297
42 45
43 254
44 256
44 205
45 313
45 173
46 219
47 195
48 291
48 297
48 45
48 313
48 282
49 45
49 313
49 297
49 291
50 45
50 291
50 297
50 313
50 8
51 45
51 291
51 313
51 297
52 297
52 291
52 45
52 313
53 95
54 291
54 45
54 313
55 200
55 305
55 279
56 210
56 275
57 168
57 190
57 203
57 314
57 312
58 187
58 183
59 197
60 297
60 313
60 291
60 45
61 45
61 291
61 297
61 313
62 291
62 45
62 313
62 297
63 313
63 45
64 291
64 297
64 45
65 313
65 297
66 291
66 297
66 45
66 313
67 313
67 45
67 297
68 313
68 297
68 291
68 44
68 45
69 297
69 45
69 291
69 313
70 291
70 313
71 291
71 45
71 313
80 160
80 91
81 161
82 96
82 94
82 89
84 94
85 92
86 83
86 90
87 159
87 158
87 157
87 79
87 78
87 77
87 76
87 75
87 74
87 73
87 72
88 118
88 150
88 98
88 51
88 155
88 103
88 37
88 113
88 106
88 50
88 148
88 21
88 101
88 143
88 70
88 156
88 62
88 17
88 123
88 29
88 142
88 149
88 31
88 30
88 18
88 147
88 127
88 121
88 141
88 126
88 119
88 102
88 99
88 128
88 116
88 60
88 52
88 133
88 104
88 16
88 48
88 26
88 28
88 61
88 134
88 107
88 135
88 32
88 71
88 125
88 129
88 120
88 136
88 138
88 68
88 100
88 66
88 35
88 114
88 115
88 122
88 140
88 20
88 67
88 117
88 124
88 42
88 144
88 64
88 65
88 153
88 145
88 63
88 108
88 54
88 139
88 41
88 130
88 152
88 19
88 154
88 105
88 146
88 151
88 111
88 22
88 25
88 137
88 131
88 24
88 112
88 110
88 27
88 69
88 97
88 49
88 132
88 23
88 0
88 109
89 161
89 238
89 224
89 185
89 245
89 215
89 190
89 204
89 172
89 207
89 230
89 196
89 208
89 171
89 184
89 250
89 239
89 235
89 175
89 251
89 203
89 210
89 209
89 176
89 247
89 174
89 170
89 257
89 241
89 226
89 214
89 218
89 173
89 252
89 179
89 227
89 178
89 229
89 195
89 256
89 192
89 233
89 212
89 180
89 236
89 205
89 249
89 221
89 198
89 200
89 211
89 169
89 201
89 225
89 168
89 254
89 166
89 187
89 228
89 220
89 219
89 255
89 213
89 248
89 163
89 199
89 223
89 188
89 194
89 217
89 246
89 191
89 232
89 165
89 231
89 237
89 244
89 243
89 242
89 222
89 193
89 162
89 202
89 182
89 167
89 177
89 181
89 240
89 253
89 216
89 186
89 206
89 197
89 189
89 183
89 234
89 164
91 160
92 159
92 158
92 157
92 79
92 78
92 77
92 76
92 75
92 74
92 73
92 72
93 89
93 88
94 89
94 88
97 45
97 291
97 313
97 297
98 313
98 291
98 45
99 313
99 45
99 297
99 291
100 313
100 265
100 297
100 45
100 291
101 291
101 297
101 313
101 45
102 291
102 297
102 313
103 45
103 297
104 313
104 291
104 45
104 284
104 297
105 291
105 313
105 45
106 297
106 291
106 45
107 297
107 313
107 291
108 313
108 291
108 297
109 313
109 45
109 291
110 313
110 291
110 45
110 297
111 45
111 313
111 291
111 297
112 291
112 313
112 45
112 297
113 45
113 291
113 313
113 297
114 291
114 45
114 297
114 313
115 297
115 313
115 291
116 45
116 297
116 291
116 313
117 297
117 291
118 297
118 291
118 45
118 313
119 291
119 45
119 297
119 313
120 45
120 291
120 289
120 313
121 291
121 313
121 45
121 297
122 313
122 45
122 297
122 291
123 313
123 297
123 291
123 45
124 297
124 291
124 45
125 45
125 297
126 297
127 45
127 291
127 313
127 297
128 45
128 297
129 297
129 313
129 291
129 45
130 45
130 297
130 291
130 313
131 45
131 313
131 291
131 297
132 291
132 313
132 45
132 297
133 297
133 291
133 45
134 291
134 45
134 297
134 261
134 313
135 291
135 297
135 313
136 291
136 45
136 313
137 297
137 291
137 45
138 291
138 313
139 297
139 313
139 45
139 291
140 291
140 313
140 45
140 297
141 45
141 313
141 291
142 291
142 313
142 297
142 45
143 313
143 297
143 261
144 291
144 313
144 297
144 45
145 297
145 313
145 45
145 291
146 291
146 313
146 297
146 45
147 297
147 313
147 291
147 45
148 313
148 291
148 297
149 45
149 297
149 291
149 313
150 291
150 45
150 297
150 313
151 313
151 45
151 291
152 45
152 291
152 313
153 313
153 45
153 291
153 297
154 291
154 45
154 297
155 264
155 291
155 297
155 313
155 45
156 45
156 291
156 313
166 19
169 156
171 54
172 0
173 62
175 106
176 116
177 109
178 147
181 136
183 155
184 32
185 125
192 16
195 133
197 61
199 145
201 67
203 67
87 49
204 26
205 17
206 117
87 143
208 71
210 29
211 61
87 152
213 54
214 141
217 127
220 142
222 142
225 133
226 0
227 99
229 156
232 127
235 130
236 54
237 121
239 145
87 124
241 42
243 104
244 146
245 153
246 51
249 71
252 26
253 138
254 17
256 142
257 16
259 181
259 168
260 315
261 192
261 215
262 177
262 263
264 193
264 173
265 256
265 192
265 245
266 227
267 216
267 287
268 233
269 252
269 197
269 216
269 11
270 255
271 43
272 316
273 236
273 180
273 304
274 225
274 227
276 165
276 12
276 259
277 235
277 293
278 246
279 243
279 218
279 200
281 216
282 213
282 215
282 44
283 222
284 213
284 193
284 265
285 254
286 213
286 175
286 192
286 282
288 187
289 175
289 45
290 181
290 241
290 166
292 207
292 227
293 200
293 218
293 230
293 219
293 301
294 208
294 278
295 183
295 171
295 14
295 281
296 210
296 252
297 245
298 243
298 258
299 210
299 283
300 190
300 203
300 262
301 235
301 257
301 198
303 197
303 187
304 169
305 185
305 302
306 209
307 222
308 234
308 207
308 292
309 183
309 222
310 214
310 236
310 280
311 236
311 246
311 255
311 254
312 225
312 234
312 166
312 164
313 215
313 205
314 225
316 257
317 169
