0 1381
0 1323
2 1409
2 1462
3 146
3 1322
4 1144
7 1467
8 1500
8 1469
10 1176
10 1348
13 190
15 1246
17 1124
17 1200
18 1303
19 1273
20 1083
20 1443
22 1071
22 1427
23 1171
23 1252
25 1490
26 1286
27 1111
27 194
28 1375
28 252
29 1090
30 214
30 1101
31 274
31 1142
32 215
33 1391
34 1161
35 1201
36 202
36 1090
37 112
37 959
37 893
37 453
38 112
38 903
38 388
38 477
39 1014
39 962
39 939
39 840
40 888
40 893
40 876
40 543
40 585
40 388
41 113
41 757
41 862
41 461
41 632
42 126
42 929
42 872
42 842
43 345
44 0
44 963
44 1006
44 886
44 592
44 464
45 1016
45 874
45 559
45 381
46 960
46 2
46 3
46 945
46 738
47 156
47 939
47 872
47 840
47 607
48 964
48 17
48 35
48 1010
48 89
49 126
49 379
49 1510
50 136
50 971
50 991
50 0
50 904
50 592
50 347
51 23
52 178
52 11
52 951
52 901
52 716
52 566
52 605
53 136
53 35
53 991
53 23
53 577
54 129
54 13
54 633
55 982
55 35
56 952
56 922
56 604
57 900
57 370
58 157
58 946
58 672
58 610
58 571
59 129
59 130
59 1025
59 17
59 495
59 775
60 393
60 400
60 520
60 379
60 508
60 584
61 1009
61 517
62 3
62 954
62 935
62 908
62 455
63 110
63 950
63 1007
63 932
64 130
64 120
64 143
64 964
64 24
64 982
64 380
65 794
65 483
65 79
66 983
66 530
67 997
67 540
68 161
68 989
68 10
68 846
68 893
68 579
69 848
69 247
70 108
70 24
70 907
70 444
70 380
70 467
70 301
71 995
71 999
71 609
71 582
72 7
72 2
72 875
73 1005
73 763
73 345
73 490
74 852
75 952
75 907
75 686
75 604
75 635
75 633
76 974
77 833
77 631
77 517
78 1019
78 1021
78 986
78 476
79 1027
79 32
79 961
79 698
80 960
80 860
80 903
81 704
81 791
82 113
82 972
83 980
83 992
83 516
84 972
84 990
85 139
85 33
85 353
85 1046
86 138
86 9
86 878
86 912
86 694
87 114
87 1519
88 798
88 583
88 591
89 1006
89 21
90 896
92 980
92 932
92 903
92 809
92 694
92 237
92 857
93 901
94 105
94 948
95 153
95 31
95 979
96 161
96 1015
97 160
97 11
97 915
97 681
97 716
97 433
98 3
98 582
99 757
99 483
99 642
99 103
99 197
100 461
101 685
101 396
102 186
102 929
102 795
102 816
102 393
103 1029
103 757
103 896
103 794
103 632
103 361
103 405
103 866
103 363
104 1366
104 1414
105 1286
105 1188
106 1156
106 199
107 1440
108 1475
109 1250
110 258
110 1345
111 195
114 1273
115 1219
116 1082
116 1157
117 1175
117 146
118 1140
118 1411
119 1107
119 1283
120 1118
123 1224
123 1127
124 1414
124 1324
126 1398
127 1175
127 189
128 1435
129 1281
129 1290
132 1386
132 1405
133 1326
769 1250
134 1108
135 1238
135 1095
137 1341
138 1088
138 1256
140 1110
141 1170
141 1439
142 1190
145 1289
769 1303
146 511
146 1517
146 711
146 751
148 1517
148 711
148 751
148 782
149 511
149 711
149 1517
149 751
150 511
150 1517
150 711
150 751
151 511
151 711
151 217
152 511
152 711
152 1517
152 751
152 470
154 240
154 1124
155 511
155 1517
155 751
157 1360
159 511
159 1517
159 751
159 235
160 257
161 1471
164 1517
164 711
164 232
164 751
165 511
165 711
165 1517
165 751
166 1128
169 195
170 1307
170 1327
171 511
171 711
171 1517
171 751
172 1165
172 181
173 511
173 711
173 573
173 751
174 511
174 1517
174 711
174 751
175 511
175 1517
175 386
176 1438
177 511
177 1517
179 1517
179 711
179 616
179 751
180 711
180 1517
180 751
181 511
181 1517
181 751
181 616
182 511
182 711
182 1517
182 751
183 511
183 1517
183 711
183 751
184 1278
184 1284
185 511
185 1517
185 711
185 751
185 67
186 1233
187 1247
188 1434
189 511
189 711
189 1517
189 751
190 511
190 711
190 1517
190 853
190 751
191 511
191 1517
191 711
191 751
191 314
192 1517
192 751
192 302
193 28
193 885
194 1517
194 711
194 751
195 511
195 1517
195 711
195 751
196 132
196 872
196 618
196 520
196 659
196 508
197 422
197 504
197 100
198 511
198 1517
198 751
199 511
199 711
199 1517
199 751
200 511
200 1517
200 711
200 751
201 156
201 566
202 511
202 1517
202 711
202 751
202 209
203 511
203 1517
203 711
203 751
203 782
204 172
204 931
204 997
204 955
204 679
204 885
204 495
205 8
205 771
205 364
206 484
206 359
206 73
207 689
208 511
208 711
208 1517
208 751
209 0
209 886
209 597
209 383
210 511
210 711
210 1517
210 751
211 33
211 848
211 584
211 520
212 395
213 511
213 711
213 751
214 511
214 751
215 511
215 1517
215 711
215 751
216 511
216 711
216 1517
216 751
217 981
217 991
218 511
218 1517
218 711
218 751
219 511
219 711
219 1517
219 751
220 1000
220 972
220 1019
220 898
220 450
221 993
221 771
221 279
221 364
222 1003
222 1029
222 542
222 370
222 793
223 511
223 711
223 782
224 7
224 9
224 945
225 511
225 711
225 1517
225 751
225 782
225 578
226 947
226 840
226 565
226 501
227 939
228 511
228 711
228 1517
228 853
229 511
230 511
230 711
230 751
231 610
232 886
233 961
233 862
233 197
234 953
234 867
234 829
234 706
235 106
235 997
235 1024
235 835
236 919
236 450
237 477
238 511
238 1517
238 751
239 128
239 178
239 400
239 408
240 511
240 1517
240 711
240 751
241 944
241 738
241 888
241 457
242 884
242 889
242 222
243 1517
243 711
243 751
244 511
244 1517
244 751
244 467
245 511
245 1517
245 711
245 751
246 511
246 1517
246 711
246 782
246 751
247 105
247 795
247 433
247 411
248 511
248 1517
248 711
248 751
249 846
249 585
249 390
249 579
249 421
249 493
249 254
249 468
250 644
250 517
251 25
251 1012
251 771
251 481
252 511
252 711
252 1517
252 751
253 122
253 967
253 829
254 161
254 111
254 786
254 480
254 430
254 533
255 998
255 898
256 163
256 7
256 936
256 1017
256 678
257 711
257 751
258 511
258 711
258 1517
258 273
258 751
259 922
259 521
260 511
260 711
260 751
261 948
261 951
261 368
261 692
262 511
262 1517
262 711
262 496
263 798
263 583
263 569
264 111
264 877
264 579
264 864
265 2
265 10
265 893
265 818
265 339
265 275
266 114
266 752
266 615
266 526
266 838
267 1
267 1027
267 698
268 157
268 900
268 748
268 236
269 115
269 762
269 488
269 653
269 637
270 511
270 711
270 1517
270 751
270 67
271 36
271 978
271 529
272 511
272 711
272 1517
272 751
273 811
273 754
273 347
273 868
274 511
274 711
274 853
274 751
275 111
275 936
275 969
275 880
275 888
275 834
275 465
275 430
275 455
275 533
276 511
276 1517
276 751
277 711
277 782
278 154
278 894
278 611
279 796
279 852
279 833
279 522
279 406
279 531
279 593
280 112
281 711
281 1517
281 67
281 751
282 957
282 822
282 732
282 353
283 114
283 953
284 988
284 863
284 520
286 161
286 834
286 876
286 430
290 992
290 995
290 818
290 777
290 846
290 585
290 339
290 579
291 750
294 109
294 6
294 987
294 929
294 798
294 566
294 387
294 411
295 689
295 666
295 519
296 162
296 898
296 632
296 545
296 242
300 632
300 590
300 866
301 1024
301 754
301 680
301 925
301 369
302 996
302 24
302 21
302 928
302 680
302 530
302 464
302 51
302 75
304 114
304 614
309 166
309 986
309 653
309 499
309 41
310 36
310 660
310 796
310 631
310 429
310 279
312 114
312 763
312 624
314 108
314 952
314 811
314 832
314 487
314 464
315 1002
315 816
315 915
315 387
316 727
316 889
316 375
316 340
319 422
323 935
323 880
323 892
323 339
323 776
323 756
325 914
325 904
325 679
325 507
326 488
326 630
330 961
330 476
331 1023
331 437
332 6
332 681
332 393
332 607
332 368
332 226
334 140
334 141
334 254
334 619
337 105
337 1011
337 618
337 385
338 955
338 1024
338 604
339 1449
340 1000
340 930
340 16
341 27
341 1038
342 923
342 719
342 644
342 552
342 81
343 244
344 950
344 1028
344 694
344 582
346 172
346 679
346 686
346 394
347 1431
347 1459
348 135
348 685
348 615
348 608
349 476
349 637
349 653
349 695
350 124
350 763
350 429
350 552
351 1354
351 1375
352 1410
353 1183
355 166
355 113
355 1029
355 16
355 1020
355 1021
355 920
769 218
356 113
356 134
356 889
357 107
357 954
357 834
357 878
357 892
357 879
357 430
357 388
358 810
359 1381
359 1342
360 141
360 1022
360 932
360 786
360 809
361 1409
362 120
362 4
362 996
362 679
362 810
362 856
362 451
362 487
362 633
363 896
363 920
363 542
363 461
363 518
363 785
364 967
364 833
364 531
364 348
365 559
366 36
366 977
366 906
366 763
367 1005
367 970
367 713
368 1353
369 1393
370 1495
371 989
371 475
371 376
371 453
372 977
372 1005
372 874
372 526
373 480
373 290
374 130
374 991
374 964
374 23
374 885
377 120
377 952
377 1025
377 1010
377 928
377 383
378 153
378 1004
378 33
378 947
378 940
378 894
378 671
380 230
380 1479
381 1136
381 1370
382 104
382 918
382 571
382 499
384 995
385 863
385 836
386 351
386 446
386 616
388 1363
388 1141
389 982
389 955
389 931
389 899
389 351
389 635
390 1168
391 1146
392 986
392 896
392 729
392 727
392 461
393 1441
394 1383
394 219
395 1383
395 1417
396 660
396 553
396 740
397 1012
397 766
397 429
397 631
397 531
397 345
398 1021
398 1
398 16
398 629
398 515
399 158
399 949
399 543
401 846
401 834
401 435
402 23
402 997
402 907
402 487
402 751
402 301
403 11
403 33
403 872
403 681
404 119
404 139
404 184
404 979
404 872
404 863
404 716
404 353
404 651
405 933
405 1019
405 814
405 231
406 1074
407 105
407 31
407 414
407 566
408 6
408 901
408 848
408 732
409 106
409 904
409 635
410 786
410 877
410 280
411 132
411 128
411 379
411 69
411 315
411 211
412 1021
412 938
769 1468
413 1340
414 1319
414 210
415 933
415 762
415 1033
416 36
416 752
417 168
417 140
417 959
417 2
417 1023
417 950
418 678
418 676
418 543
420 988
420 681
420 863
420 618
421 1465
422 1082
423 1007
423 797
423 676
423 237
425 781
425 393
425 501
425 454
425 49
426 958
426 1003
426 483
426 363
426 518
427 144
427 3
427 10
427 995
427 27
427 892
427 903
428 135
428 660
429 1386
429 1162
430 1335
431 822
432 1336
432 1191
434 1003
434 1027
434 918
434 701
434 231
435 1102
435 1430
437 1401
437 1181
438 946
438 729
438 677
438 672
440 112
440 3
440 390
441 1155
441 1100
442 21
442 952
442 924
443 644
445 168
445 895
445 797
445 912
446 228
447 27
447 959
447 879
447 376
447 475
447 1038
448 1005
448 1018
448 395
449 954
449 738
449 493
449 458
449 401
450 1254
452 1009
452 966
452 381
452 553
453 992
453 1017
453 399
454 1083
454 1224
455 1265
455 1243
456 114
456 484
456 588
457 959
457 908
457 694
457 879
457 895
458 107
458 158
458 7
458 864
458 758
459 153
459 647
459 584
459 607
459 69
459 211
460 134
460 972
460 1003
460 946
460 938
460 1029
460 672
461 1296
461 1080
462 1367
463 170
463 153
463 226
465 1449
466 145
466 28
466 922
466 394
467 904
467 925
467 369
467 604
467 592
469 6
469 33
469 987
469 605
469 611
469 612
470 446
471 118
471 970
471 704
471 395
471 631
471 666
471 602
471 448
472 17
472 942
472 577
472 444
472 446
473 970
473 967
473 906
473 359
473 624
473 522
473 791
474 732
474 901
474 556
475 1423
475 148
476 151
476 1318
477 1110
477 1133
478 266
479 140
479 112
479 976
479 935
479 665
479 376
480 1376
481 1465
483 1211
485 818
485 875
486 748
486 918
486 653
487 1260
487 1176
488 1261
490 624
491 134
491 1
492 832
492 487
493 185
493 1480
494 892
494 390
494 437
494 331
496 495
497 160
497 147
497 128
497 957
497 943
497 6
497 915
498 160
498 186
498 170
498 987
498 433
498 400
769 1251
769 1434
499 1376
499 1361
500 124
500 719
500 796
500 763
500 744
500 381
502 721
502 874
502 890
502 510
503 30
503 387
503 433
503 454
504 18
504 1033
505 1012
505 993
505 890
505 766
505 615
506 122
507 1171
507 1096
769 277
509 748
509 762
509 432
509 316
511 616
511 530
511 963
511 108
511 106
511 136
512 192
513 1395
514 1438
514 1119
515 134
515 610
516 935
516 974
516 786
516 543
517 1178
517 1499
518 375
519 953
519 719
519 706
519 471
769 1455
769 1500
520 1172
521 1340
522 1188
522 1453
523 1019
523 375
524 138
524 694
524 489
524 538
525 104
525 1003
525 375
527 930
527 889
527 571
529 25
529 1009
529 796
529 766
529 608
529 614
530 155
531 1343
532 1018
532 870
532 526
533 161
533 860
533 678
533 436
533 390
533 613
533 619
534 1328
535 154
535 184
535 156
536 744
536 852
536 406
537 129
537 983
537 942
537 835
537 925
537 911
537 347
538 1129
539 113
539 571
539 488
540 1446
540 1131
544 1466
545 1135
545 1203
546 623
546 323
547 161
547 976
547 888
547 280
547 410
548 110
548 973
548 1015
548 738
548 574
548 98
549 972
549 1019
549 32
549 920
549 757
549 542
549 100
549 630
550 32
550 900
550 632
550 636
551 1166
552 1443
553 1218
553 1418
554 21
554 942
554 53
555 1016
555 906
556 1456
556 1289
557 1027
557 729
557 488
557 636
558 129
558 23
558 928
558 914
560 5
560 1011
560 692
560 315
561 971
561 28
561 907
561 592
562 981
562 383
562 209
563 1439
563 1381
564 1343
565 1329
567 918
567 450
567 422
567 319
567 405
568 122
568 870
568 714
568 396
569 848
570 1137
570 1176
572 1449
572 1252
573 982
573 835
573 899
573 451
573 66
574 1447
575 395
575 397
576 983
576 754
576 635
578 28
578 446
579 1179
580 157
580 14
580 958
580 637
580 79
580 675
581 977
581 614
582 1265
586 689
586 882
586 359
587 118
587 977
587 870
587 526
587 624
587 212
588 882
588 644
588 531
588 581
589 8
589 685
589 519
590 1109
590 1279
591 962
591 1002
591 915
591 681
591 584
593 36
593 923
593 870
594 8
594 966
594 737
594 704
595 1183
596 997
596 679
596 369
598 499
599 397
600 986
600 1003
600 1026
600 813
600 499
600 483
601 998
601 1000
601 1008
601 762
601 677
601 629
601 422
601 99
602 1016
602 1012
602 1009
602 921
602 737
602 704
602 359
603 147
603 128
603 987
603 671
603 391
604 1481
604 1450
605 1485
606 1328
607 1133
607 1349
608 1106
608 1489
612 198
613 989
613 878
613 436
613 493
613 62
616 145
616 35
616 1025
616 1024
616 911
616 914
616 913
616 754
616 592
616 413
616 868
617 938
617 637
618 1160
619 110
619 10
619 945
619 912
619 435
619 421
619 489
619 410
620 976
620 480
620 564
620 98
620 626
620 371
622 2
622 480
623 1326
623 262
625 6
625 788
626 138
626 1022
626 2
626 936
626 1007
626 818
626 538
627 833
627 737
627 874
627 644
628 176
628 154
628 988
628 795
628 1046
629 1169
629 1229
630 115
630 18
630 813
630 629
632 1266
632 1303
633 1082
634 997
634 24
634 13
634 754
634 928
635 1385
635 1198
636 1368
636 1319
637 1270
637 1344
638 5
638 732
638 520
638 693
638 60
640 144
640 917
641 135
641 1012
642 116
643 107
643 912
643 623
643 609
645 704
645 631
645 429
645 266
645 448
646 950
646 974
646 879
646 455
647 1212
650 36
650 481
650 221
651 947
651 951
651 732
651 909
651 368
651 572
652 1028
652 876
652 538
652 465
653 1153
654 939
654 947
654 1014
654 901
655 406
655 429
655 624
656 967
657 108
657 847
657 914
657 380
657 446
657 444
657 521
658 794
658 729
658 483
658 774
661 1024
661 383
661 369
662 140
662 908
662 455
663 970
663 771
663 522
664 3
664 1022
664 944
664 579
666 687
667 126
667 132
667 19
667 894
667 651
667 459
668 930
668 1
669 882
669 766
669 559
670 951
670 761
670 909
670 565
672 1201
672 1348
673 1014
673 781
673 368
674 829
674 531
675 933
675 18
675 919
675 590
675 549
677 1484
677 1208
678 1400
678 1356
681 274
681 1493
682 983
682 28
682 1024
682 956
682 1010
682 925
682 507
682 597
682 446
682 464
683 188
683 998
683 813
683 891
684 700
687 1016
687 406
690 119
690 153
690 747
691 1430
691 1438
692 147
692 31
692 11
692 947
692 781
692 915
693 747
694 1250
694 1201
695 1008
695 99
696 105
696 962
697 900
697 610
697 774
697 340
699 829
699 406
700 8
700 719
701 14
701 898
701 814
701 729
701 672
702 1196
702 1325
703 154
703 940
703 957
703 30
703 929
703 979
703 842
703 671
703 368
703 566
703 605
703 591
705 949
705 944
705 936
705 437
705 489
706 1005
706 644
707 143
707 942
707 922
707 507
707 67
707 53
708 714
708 874
708 345
769 1142
709 115
709 958
709 14
710 133
710 160
710 822
710 584
710 693
711 805
711 464
711 856
712 795
712 391
712 400
712 612
713 852
714 1329
715 522
715 510
715 481
715 553
715 359
716 1417
717 635
717 444
718 138
718 1015
718 875
718 846
718 912
718 665
718 564
720 1359
722 967
723 999
723 665
723 777
723 465
723 373
724 163
724 138
724 989
724 465
724 776
725 982
725 770
726 950
726 989
726 1022
726 908
726 917
726 543
726 465
726 290
728 176
728 822
730 32
731 786
731 665
731 579
733 170
733 761
733 497
733 385
734 1417
735 786
735 323
736 104
736 268
737 1405
737 1377
738 1369
739 811
739 597
739 578
740 118
740 921
740 867
741 484
742 128
742 126
742 988
742 716
743 17
743 922
743 686
743 924
743 570
744 1155
744 1379
745 141
745 27
745 974
745 10
745 797
746 905
747 1454
748 270
748 210
749 188
749 1
749 1008
749 814
749 898
749 919
750 719
750 689
751 511
751 597
751 832
751 981
751 130
751 172
752 1080
752 1198
753 115
753 748
755 118
755 719
755 721
756 144
756 969
756 676
756 609
756 388
756 376
757 1083
758 936
758 564
758 574
759 464
759 604
760 32
760 653
760 799
762 262
763 1263
763 1126
764 957
765 1017
765 935
765 834
765 880
765 512
766 1115
766 1492
767 1027
767 1020
767 889
768 1152
768 1369
769 1492
769 1207
770 129
770 17
770 4
770 991
770 886
770 633
772 1018
772 867
772 526
772 484
772 481
772 81
772 778
773 245
774 916
774 677
774 542
775 942
775 981
775 0
775 24
775 952
775 964
775 811
775 444
775 383
776 110
776 1023
776 331
776 613
778 135
778 740
779 1027
779 884
779 891
779 916
779 476
779 653
780 1384
781 1393
781 1487
782 847
782 1010
782 931
783 163
783 945
783 876
783 493
783 339
784 954
784 1007
784 888
784 339
785 986
785 938
786 1219
786 228
787 891
788 186
788 612
788 420
789 1426
789 1135
790 824
790 451
791 135
791 737
791 359
792 1203
792 1124
793 166
793 933
794 1229
795 1269
796 1378
797 1318
797 1203
799 1008
799 361
800 716
800 454
800 391
801 106
801 955
801 911
801 885
801 925
801 856
801 347
801 495
801 380
801 633
802 116
802 998
802 916
803 140
803 9
803 678
803 876
803 875
803 388
803 72
803 275
804 128
804 839
804 659
804 566
804 1043
805 136
805 129
805 23
805 955
805 981
805 824
805 886
806 713
807 139
807 747
807 681
808 135
808 1005
808 966
808 687
811 245
812 160
812 848
814 1135
815 126
815 184
815 11
815 1004
815 840
815 915
815 842
815 605
815 400
816 165
817 119
817 133
817 979
817 929
817 33
817 822
817 433
817 379
818 1253
818 238
819 122
819 874
819 559
820 1009
820 906
820 552
821 1165
822 1465
823 111
823 950
823 908
823 738
823 888
823 480
823 475
824 1135
824 1465
825 369
825 540
826 234
827 172
827 835
827 811
827 770
827 707
828 7
828 809
828 40
829 1240
830 504
831 186
831 987
831 909
831 618
831 565
832 1366
833 1093
833 1285
769 1129
769 1382
835 149
835 1097
836 1014
836 839
836 605
836 572
837 621
838 771
838 882
840 1254
840 1110
843 1020
843 1026
843 762
843 891
843 316
844 158
844 1023
844 999
844 1015
844 974
844 512
844 430
845 607
847 245
847 1438
849 1108
849 1397
850 178
850 147
850 940
850 387
850 501
851 104
851 762
851 571
851 103
851 675
852 1485
852 1254
853 956
853 21
853 680
853 507
853 358
854 16
854 920
854 748
854 642
855 139
855 747
855 368
856 1342
856 1254
857 110
857 163
857 1022
858 1029
858 920
858 814
858 571
858 799
859 105
859 863
859 565
859 60
860 1274
860 1164
861 978
861 752
861 870
864 846
864 834
864 437
864 373
864 516
865 1402
865 1297
866 946
866 629
868 172
868 106
868 4
868 856
868 824
868 394
868 1030
869 166
869 918
869 422
870 1096
871 157
872 173
874 1449
875 1387
875 1125
876 1370
876 1456
877 1115
877 258
878 194
879 1206
880 1119
880 1110
881 1162
882 1074
883 1425
883 248
884 208
884 1089
885 1176
769 1076
887 150
887 1129
888 1374
888 1335
889 1146
889 225
769 1446
890 1476
890 1436
891 1487
891 1474
893 1241
893 1297
894 1131
895 1364
895 1128
896 174
897 1236
897 1455
898 1410
899 1313
899 1494
900 216
900 181
902 1450
902 1152
908 1070
908 148
909 1291
910 1237
911 1440
911 1203
914 1424
914 1369
918 1438
769 1221
919 1280
919 148
922 1435
922 1415
769 1447
924 1466
925 1381
926 1278
926 243
927 1094
928 1252
930 1115
930 1081
932 1313
934 1470
935 1091
935 1176
936 1432
936 214
937 1466
937 1097
940 1238
944 1491
944 1142
945 272
948 1271
948 1117
949 192
951 1229
951 191
952 1369
952 1384
954 1207
954 1389
956 1396
957 1416
958 1109
958 1202
959 1150
960 1280
960 1286
961 1136
961 1255
962 1069
962 1241
966 1396
966 164
968 1099
968 1390
971 1182
971 1095
973 1215
974 1128
976 219
976 1497
977 1146
977 1456
978 1165
979 230
980 1131
982 1289
984 1119
985 146
986 1167
987 214
988 248
989 1384
989 1216
990 1092
990 1353
991 1157
992 1325
993 1188
993 1454
769 1213
995 1117
995 1447
996 1086
996 1347
997 1076
997 150
998 1222
999 1219
999 1083
1000 1411
1000 1232
1005 1207
1005 1453
1007 1421
1010 1479
1013 195
1015 1080
1018 1377
1018 1499
1019 1322
1024 1138
1024 1243
1026 1083
1026 1302
1027 1088
1027 1303
1028 190
1028 1222
1029 203
1029 1491
1030 21
1030 832
1030 633
1030 413
1031 476
1032 130
1032 35
1032 347
1032 570
1033 162
1033 898
1033 695
1034 998
1034 16
1034 891
1034 610
1034 779
1035 18
1035 658
1036 132
1036 822
1036 872
1036 391
1037 118
1037 829
1037 395
1037 502
1038 7
1038 1007
1038 879
1038 903
1038 376
1038 72
1038 427
1039 1019
1039 896
1040 678
1040 623
1041 614
1041 615
1042 933
1042 629
1043 940
1043 979
1043 19
1043 391
1043 572
1043 425
1043 407
1044 143
1044 835
1044 394
1045 829
1045 737
1045 429
1046 5
1046 947
1046 414
1046 618
1046 387
1046 855
1047 942
1047 931
1047 17
1047 369
1047 511
1048 998
1048 972
1048 422
1048 499
1049 1064
1050 335
1050 1060
1051 336
1052 1065
1052 1063
1052 1058
1054 1063
1055 1061
1056 1053
1056 1059
769 333
769 329
769 328
769 327
769 324
769 322
769 321
769 320
769 318
769 317
769 313
769 311
769 308
769 307
769 306
769 305
769 303
769 299
769 298
769 297
769 293
769 292
769 289
769 288
769 287
769 285
1057 1250
1057 1081
1057 1463
1057 1460
1057 1259
1057 1291
1057 1416
1057 1328
1057 1296
1057 246
1057 1502
1057 1389
1057 1157
1057 1269
1057 1243
1057 281
1057 262
1057 1466
1057 1396
1057 1411
1057 1205
1057 1097
1057 1153
1057 1124
1057 1199
1057 1430
1057 1316
1057 1204
1057 1155
1057 1258
1057 1109
1057 1082
1057 1476
1057 1372
1057 1220
1057 1158
1057 1183
1057 1373
1057 1172
1057 1340
1057 1371
1057 1451
1057 198
1057 1378
1057 150
1057 149
1057 1342
1057 1257
1057 1275
1057 1095
1057 1162
1057 1248
1057 1139
1057 1307
1057 1111
1057 1066
1057 1468
1057 1401
1057 1215
1057 1106
1057 1432
1057 1256
1057 1333
1057 1439
1057 179
1057 1446
1057 1069
1057 181
1057 1135
1057 1120
1057 1186
1057 185
1057 1467
1057 1471
1057 225
1057 1171
1057 1448
1057 1273
1057 1167
1057 1425
1057 183
1057 1322
1057 1214
1057 1263
1057 1331
1057 1380
1057 1169
1057 1438
1057 1285
1057 1074
1057 1315
1057 1295
1057 1070
1057 1409
1057 1379
1057 1287
1057 194
1057 1355
1057 277
1057 210
1057 1264
1057 1281
1057 1406
1057 1247
1057 1490
1057 1179
1057 228
1057 1252
1057 1200
1057 1329
1057 1477
1057 1230
1057 1391
1057 1382
1057 1485
1057 1177
1057 1274
1057 1102
1057 1480
1057 1306
1057 1351
1057 1118
1057 1308
1057 1395
1057 1482
1057 1415
1057 1136
1057 1185
1057 208
1057 1483
1057 1113
1057 1489
1057 1096
1057 1110
1057 173
1057 252
1057 1129
1057 1272
1057 243
1057 1337
1057 1211
1057 1313
1057 1464
1057 1216
1057 1125
1057 1152
1057 1309
1057 260
1057 1147
1057 1071
1057 1175
1057 1361
1057 1148
1057 1068
1057 1303
1057 1229
1057 1279
1057 1452
1057 1092
1057 203
1057 1410
1057 1293
1057 1284
1057 1246
1057 1461
1057 1350
1057 1495
1057 1456
1057 1339
1057 1119
1057 190
1057 1400
1057 1399
1057 1114
1057 1104
1057 1292
1057 1187
1057 1154
1057 1072
1057 1280
1057 1173
1057 1393
1057 1289
1057 1105
1057 1218
1057 1402
1057 257
1057 1444
1057 1255
1057 1100
1057 180
1057 1383
1057 1459
1057 1500
1057 1472
1057 1197
1057 1392
1057 1474
1057 1253
1057 1404
1057 240
1057 1327
1057 1212
1057 1271
1057 1473
1057 1348
1057 1347
1057 1345
1057 1277
1057 152
1057 1133
1057 1132
1057 1488
1057 1234
1057 1254
1057 1484
1057 1334
1057 1123
1057 219
1057 274
1057 1429
1057 245
1057 229
1057 1268
1057 159
1057 1428
1057 1144
1057 1079
1057 1320
1057 1497
1057 1107
1057 248
1057 1377
1057 1174
1057 1300
1057 1166
1057 1478
1057 1341
1057 1384
1057 1325
1057 1265
1057 1251
1057 1501
1057 272
1057 1343
1057 1226
1057 1454
1057 1344
1057 1222
1057 1130
1057 1210
1057 1286
1057 1494
1057 1178
1057 1321
1057 1442
1057 1080
1057 1418
1057 1094
1057 1365
1057 1458
1057 270
1057 1235
1057 1290
1057 171
1057 1244
1057 1407
1057 1245
1057 1470
1057 199
1057 1493
1057 238
1057 1455
1057 1385
1057 1228
1057 1115
1057 1357
1057 1116
1057 155
1057 1369
1057 1318
1057 1145
1057 1421
1057 1408
1057 1131
1057 1270
1057 1314
1057 1134
1057 1370
1057 223
1057 218
1057 1294
1057 1238
1057 1481
1057 1073
1057 189
1057 1323
1057 1332
1057 1242
1057 1437
1057 1388
1057 1138
1057 1310
1057 258
1057 1191
1057 1240
1057 1227
1057 1151
1057 1462
1057 1084
1057 175
1057 1077
1057 1266
1057 1219
1057 191
1057 1405
1057 1397
1057 151
1057 1149
1057 1213
1057 1108
1057 1176
1057 1353
1057 1297
1057 1225
1057 1419
1057 1223
1057 1445
1057 1367
1057 1358
1057 1217
1057 1170
1057 1394
1057 1146
1057 1239
1057 1349
1057 244
1057 192
1057 1443
1057 1338
1057 1335
1057 1447
1057 1449
1057 1469
1057 214
1057 1203
1057 1414
1057 1412
1057 1312
1057 1087
1057 165
1057 1150
1057 1088
1057 1364
1057 1098
1057 1301
1057 1282
1057 1198
1057 1093
1057 1196
1057 200
1057 1236
1057 1237
1057 1103
1057 1099
1057 1164
1057 1381
1057 1283
1057 1231
1057 1168
1057 1276
1057 1434
1057 1165
1057 1078
1057 1121
1057 146
1057 1140
1057 230
1057 164
1057 1386
1057 1180
1057 1330
1057 1083
1057 1431
1057 1189
1057 1206
1057 174
1057 1188
1057 1441
1057 1193
1057 1090
1057 1141
1057 1319
1057 1249
1057 1305
1057 1232
1057 1127
1057 216
1057 276
1057 1356
1057 1304
1057 1336
1057 1354
1057 1346
1057 1376
1057 1433
1057 1209
1057 1091
1057 1163
1057 1298
1057 1420
1057 1375
1057 1317
1057 1374
1057 1075
1057 1190
1057 1184
1057 1475
1057 1440
1057 1453
1057 1142
1057 1299
1057 1262
1057 1413
1057 195
1057 1352
1057 1112
1057 182
1057 1202
1057 1390
1057 1457
1057 1089
1057 1156
1057 1261
1057 1160
1057 1435
1057 1387
1057 1398
1057 1161
1057 1208
1057 1288
1057 1403
1057 1137
1057 1126
1057 1427
1057 1363
1057 1067
1057 1366
1057 1311
1057 1496
1057 1324
1057 1436
1057 1479
1057 1499
1057 1486
1057 1195
1057 1241
1057 202
1057 1362
1057 1302
1057 1417
1057 1143
1057 1260
1057 1221
1057 1450
1057 148
1057 213
1057 1359
1057 1194
1057 1267
1057 215
1057 1182
1057 1498
1057 1368
1057 1085
1057 1076
1057 1201
1057 1224
1057 1422
1057 1465
1057 1128
1057 1360
1057 1491
1057 1326
1057 1423
1057 1487
1057 1101
1057 1086
1057 1122
1057 1192
1057 1278
1057 177
1057 1117
1057 1181
1057 1233
1057 1207
1057 1426
1057 1492
1057 1159
1057 1424
1058 336
1058 489
1058 644
1058 465
1058 795
1058 618
1058 1008
1058 959
1058 944
1058 369
1058 734
1058 11
1058 169
1058 487
1058 20
1058 0
1058 543
1058 361
1058 520
1058 922
1058 1028
1058 977
1058 984
1058 953
1058 989
1058 359
1058 969
1058 659
1058 119
1058 982
1058 4
1058 932
1058 604
1058 898
1058 633
1058 510
1058 187
1058 1019
1058 965
1058 688
1058 665
1058 892
1058 1023
1058 115
1058 945
1058 883
1058 681
1058 766
1058 1010
1058 380
1058 884
1058 623
1058 137
1058 1005
1058 927
1058 762
1058 347
1058 123
1058 975
1058 394
1058 142
1058 606
1058 814
1058 1006
1058 880
1058 1003
1058 694
1058 172
1058 570
1058 916
1058 896
1058 900
1058 144
1058 15
1058 897
1058 597
1058 677
1058 376
1058 455
1058 777
1058 660
1058 686
1058 691
1058 920
1058 752
1058 999
1058 901
1058 653
1058 484
1058 6
1058 1004
1058 595
1058 538
1058 441
1058 824
1058 113
1058 648
1058 874
1058 5
1058 921
1058 170
1058 981
1058 888
1058 834
1058 19
1058 553
1058 856
1058 141
1058 615
1058 890
1058 16
1058 451
1058 1016
1058 873
1058 761
1058 813
1058 876
1058 918
1058 512
1058 1026
1058 998
1058 860
1058 970
1058 763
1058 8
1058 495
1058 12
1058 1015
1058 816
1058 986
1058 732
1058 572
1058 375
1058 811
1058 956
1058 894
1058 395
1058 833
1058 624
1058 530
1058 571
1058 1029
1058 798
1058 424
1058 528
1058 351
1058 1007
1058 951
1058 870
1058 21
1058 930
1058 563
1058 992
1058 104
1058 809
1058 632
1058 946
1058 939
1058 607
1058 757
1058 134
1058 36
1058 566
1058 105
1058 974
1058 679
1058 942
1058 482
1058 903
1058 111
1058 526
1058 966
1058 583
1058 414
1058 32
1058 704
1058 176
1058 521
1058 7
1058 915
1058 556
1058 352
1058 996
1058 13
1058 639
1058 33
1058 168
1058 35
1058 1022
1058 551
1058 928
1058 822
1058 353
1058 552
1058 444
1058 893
1058 720
1058 508
1058 980
1058 976
1058 904
1058 163
1058 702
1058 649
1058 564
1058 950
1058 531
1058 17
1058 1013
1058 121
1058 862
1058 450
1058 18
1058 118
1058 912
1058 848
1058 540
1058 27
1058 388
1058 162
1058 1021
1058 29
1058 9
1058 960
1058 178
1058 737
1058 1011
1058 993
1058 131
1058 943
1058 610
1058 393
1058 911
1058 940
1058 967
1058 462
1058 608
1058 501
1058 422
1058 143
1058 186
1058 161
1058 3
1058 145
1058 545
1058 370
1058 729
1058 698
1058 446
1058 887
1058 771
1058 577
1058 1018
1058 368
1058 842
1058 534
1058 139
1058 28
1058 955
1058 744
1058 592
1058 957
1058 14
1058 1027
1058 30
1058 908
1058 31
1058 390
1058 781
1058 154
1058 991
1058 794
1058 786
1058 116
1058 614
1058 339
1058 419
1058 780
1058 517
1058 379
1058 885
1058 574
1058 128
1058 10
1058 430
1058 585
1058 647
1058 391
1058 867
1058 914
1058 1000
1058 886
1058 676
1058 680
1058 865
1058 158
1058 464
1058 846
1058 1014
1058 678
1058 413
1058 406
1058 997
1058 1001
1058 821
1058 910
1058 631
1058 931
1058 973
1058 872
1058 964
1058 122
1058 112
1058 954
1058 971
1058 1017
1058 435
1058 483
1058 1024
1058 877
1058 738
1058 933
1058 935
1058 107
1058 926
1058 114
1058 952
1058 979
1058 941
1058 835
1058 994
1058 127
1058 611
1058 605
1058 934
1058 899
1058 891
1058 514
1058 476
1058 24
1058 354
1058 938
1058 987
1058 882
1058 849
1058 132
1058 153
1058 522
1058 1002
1058 847
1058 167
1058 108
1058 135
1058 978
1058 983
1058 947
1058 400
1058 895
1058 913
1058 961
1058 832
1058 818
1058 544
1058 381
1058 963
1058 436
1058 493
1058 461
1058 133
1058 852
1058 923
1058 829
1058 475
1058 839
1058 948
1058 582
1058 147
1058 878
1058 995
1058 789
1058 671
1058 481
1058 988
1058 345
1058 188
1058 499
1058 727
1058 721
1058 714
1058 166
1058 106
1058 1009
1058 34
1058 909
1058 513
1058 542
1058 439
1058 875
1058 863
1058 488
1058 477
1058 559
1058 124
1058 929
1058 792
1058 117
1058 429
1058 126
1058 881
1058 2
1058 796
1058 917
1058 840
1058 433
1058 120
1058 810
1058 140
1058 541
1058 383
1058 936
1058 387
1058 1025
1058 612
1058 990
1058 907
1058 906
1058 672
1058 130
1058 480
1058 919
1058 879
1058 773
1058 590
1058 797
1058 125
1058 968
1058 841
1058 902
1058 138
1058 924
1058 25
1058 635
1058 962
1058 579
1058 768
1058 432
1058 437
1058 689
1058 748
1058 637
1058 636
1058 949
1058 157
1058 754
1058 110
1058 937
1058 716
1058 719
1058 156
1058 26
1058 565
1058 584
1058 985
1058 184
1058 889
1058 1020
1058 129
1058 629
1058 343
1058 685
1058 925
1058 958
1058 747
1058 905
1058 421
1058 609
1058 507
1058 160
1058 22
1058 972
1058 23
1058 454
1058 109
1058 136
1058 1
1058 1012
1060 335
1061 333
1061 329
1061 328
1061 327
1061 324
1061 322
1061 321
1061 320
1061 318
1061 317
1061 313
1061 311
1061 308
1061 307
1061 306
1061 305
1061 303
1061 299
1061 298
1061 297
1061 293
1061 292
1061 289
1061 288
1061 287
1061 285
1062 1058
1062 1057
1063 1058
1063 1057
1066 1517
1066 711
1066 782
1066 51
1067 511
1067 1517
1068 511
1068 1517
1068 711
1068 751
1069 511
1069 711
1069 751
1070 511
1070 1517
1070 711
1070 751
1071 1517
1071 711
1072 511
1072 1517
1072 711
1072 751
1073 511
1073 1517
1073 711
1073 751
1074 511
1074 711
1075 511
1075 1517
1075 711
1076 511
1076 711
1076 1517
1076 751
1076 634
1077 511
1077 1517
1077 711
1077 751
1078 511
1078 711
1078 751
1079 511
1079 1517
1079 711
1079 751
1080 511
1080 1517
1080 711
1081 511
1081 711
1081 751
1082 511
1082 1517
1082 711
1082 751
1083 1517
1083 711
1083 751
1084 511
1084 711
1084 1517
1085 511
1085 711
1085 751
1086 511
1086 711
1086 1517
1086 751
1087 511
1087 711
1087 1517
1087 48
1088 511
1088 1517
1088 751
1089 511
1089 1517
1089 711
1089 751
1090 511
1090 1517
1090 751
1091 511
1091 711
1091 1517
1091 751
1091 825
1092 511
1092 711
1092 751
1093 511
1093 711
1093 1517
1093 751
1094 511
1094 711
1094 1517
1095 511
1095 711
1095 1517
1095 325
1095 782
1096 511
1096 1517
1096 711
1096 751
1097 511
1097 711
1097 1517
1097 751
1098 511
1098 1517
1098 711
1098 751
1098 358
1099 511
1099 711
1099 1517
1099 751
1100 511
1100 1517
1100 711
1101 511
1101 1517
1101 711
1102 511
1102 1517
1102 711
1102 751
1103 511
1103 711
1103 259
1103 751
1104 511
1104 1517
1104 711
1104 751
1105 511
1105 1517
1105 711
1105 751
1106 511
1106 1517
1106 711
1106 751
1107 511
1107 711
1107 751
1108 511
1108 711
1108 1517
1108 775
1108 751
1109 511
1109 1517
1109 782
1109 751
1110 511
1110 711
1110 1517
1110 751
1111 511
1111 1517
1111 711
1111 751
1111 825
1112 511
1112 711
1112 751
1113 511
1113 711
1113 1517
1113 759
1113 751
1113 853
1114 511
1114 1517
1115 511
1115 1517
1115 711
1115 751
1116 511
1116 1517
1116 711
1116 467
1116 1047
1116 782
1117 511
1117 711
1117 1517
1117 751
1118 511
1118 711
1118 751
1119 511
1119 1517
1119 751
1120 511
1120 1517
1120 711
1120 751
1121 511
1121 1517
1121 751
1122 511
1122 1517
1122 711
1122 751
1122 1044
1123 511
1123 1517
1123 711
1123 751
1124 511
1124 1517
1124 711
1124 751
1125 511
1125 1517
1125 711
1126 511
1126 1517
1126 711
1126 751
1126 389
1126 467
1127 511
1127 1517
1127 751
1128 511
1128 1517
1128 711
1128 91
1128 751
1129 511
1129 711
1129 1517
1130 711
1130 1517
1130 751
1130 209
1131 711
1131 1517
1131 751
1131 825
1131 54
1132 511
1132 711
1132 1517
1132 751
1133 511
1133 1517
1133 711
1133 751
1134 511
1134 711
1134 1517
1134 782
1134 751
1135 511
1135 711
1135 751
1136 511
1136 1517
1136 711
1136 751
1137 511
1137 711
1137 1517
1137 751
1138 511
1138 711
1138 1517
1138 751
1139 511
1139 1517
1139 711
1139 751
1139 782
1140 511
1140 1517
1140 711
1140 751
1141 511
1141 1517
1141 711
1141 751
1141 48
1142 511
1142 711
1142 1517
1142 751
1143 511
1143 711
1143 1517
1144 511
1144 711
1144 1517
1145 511
1145 1517
1145 711
1145 751
1146 511
1146 1517
1146 711
1146 751
1147 511
1147 711
1147 1517
1147 751
1148 511
1148 1517
1148 711
1148 782
1148 751
1149 511
1149 1517
1149 711
1150 511
1150 711
1150 1517
1150 782
1151 511
1151 1517
1151 711
1151 751
1152 511
1152 1517
1152 711
1152 782
1152 751
1152 209
1153 1517
1153 711
1153 751
1153 782
1154 511
1154 1517
1154 711
1154 782
1155 511
1155 1517
1155 711
1155 751
1156 511
1156 711
1156 751
1157 511
1157 711
1157 751
1158 511
1158 1517
1158 711
1158 751
1159 511
1159 1517
1159 711
1159 751
1160 511
1160 1517
1160 711
1160 751
1161 711
1161 1517
1162 511
1162 1517
1162 711
1162 751
1163 511
1163 711
1163 1517
1163 751
1164 511
1164 711
1164 1517
1164 751
1165 511
1165 711
1165 1517
1165 725
1166 511
1166 711
1166 1517
1166 751
1167 511
1167 711
1167 1517
1167 67
1167 751
1167 209
1167 782
1168 711
1168 1517
1168 751
1169 511
1169 1517
1169 711
1169 751
1170 1517
1170 711
1170 751
1171 1517
1171 751
1172 511
1172 1517
1172 711
1172 751
1173 1517
1173 711
1174 511
1174 711
1174 751
1175 511
1175 711
1175 751
1175 75
1176 711
1176 770
1176 751
1176 209
1177 511
1177 1517
1177 711
1177 853
1177 467
1178 1517
1178 751
1179 511
1179 711
1179 1517
1179 751
1180 511
1180 1517
1180 751
1180 67
1180 596
1181 511
1181 1517
1181 711
1182 511
1182 711
1182 1517
1182 751
1183 511
1183 711
1183 751
1184 511
1184 1517
1184 711
1184 751
1185 511
1185 711
1185 1517
1185 751
1186 511
1186 1517
1186 751
1187 511
1187 1517
1188 711
1188 751
1189 511
1189 1517
1190 1517
1190 711
1190 70
1190 751
1191 511
1191 1517
1191 711
1191 751
1192 511
1192 1517
1192 711
1192 782
1192 751
1193 511
1193 1517
1193 711
1193 751
1194 511
1194 1517
1194 711
1194 751
1195 511
1195 1517
1195 711
1195 751
1196 511
1196 711
1196 1517
1196 751
1196 561
1197 511
1197 711
1197 1517
1197 782
1197 751
1198 511
1198 1517
1198 67
1198 751
1199 511
1199 711
1199 1517
1199 386
1200 511
1200 711
1200 751
1201 511
1201 1517
1201 711
1201 751
1202 511
1202 1517
1202 711
1202 751
1203 511
1203 711
1203 751
1203 853
1204 711
1204 1517
1204 1032
1204 751
1205 511
1205 1517
1205 711
1205 751
1205 782
1206 511
1206 711
1206 1517
1206 751
1207 511
1207 711
1207 751
1207 470
1208 511
1208 711
1208 1517
1208 751
1209 511
1209 711
1209 1517
1209 751
1210 511
1211 511
1211 1517
1211 751
1212 511
1212 711
1212 1517
1212 751
1213 511
1213 711
1213 1517
1214 511
1214 711
1214 782
1214 751
1215 511
1215 711
1215 273
1216 1517
1216 711
1216 751
1216 48
1217 511
1217 1517
1217 711
1217 751
1218 511
1218 711
1218 1517
1218 751
1219 511
1219 1517
1219 751
1220 511
1220 711
1220 1517
1220 751
1221 511
1221 711
1221 1517
1221 751
1222 511
1222 711
1222 1517
1222 751
1223 511
1223 711
1223 1517
1223 725
1223 576
1223 751
1224 511
1224 711
1225 511
1225 1517
1225 711
1225 751
1226 511
1226 711
1226 1517
1226 782
1226 751
1227 511
1227 711
1227 1517
1227 751
1228 511
1228 711
1228 1517
1228 801
1228 782
1228 751
1228 48
1229 511
1229 1517
1229 782
1229 751
1230 511
1230 1517
1230 711
1230 751
1230 467
1231 511
1231 711
1232 711
1232 751
1233 511
1233 1517
1233 711
1233 751
1234 511
1234 711
1234 751
1235 511
1235 711
1235 751
1235 853
1236 511
1236 711
1236 1517
1236 782
1236 751
1237 711
1237 1517
1237 562
1237 751
1238 511
1238 1517
1238 711
1238 751
1239 511
1239 1517
1239 711
1239 751
1240 511
1240 1517
1240 711
1240 751
1241 511
1241 711
1241 1517
1241 209
1241 751
1242 511
1242 1517
1242 751
1243 511
1243 711
1243 1517
1243 751
1243 825
1244 711
1244 1517
1244 751
1245 511
1245 1517
1245 573
1246 511
1246 1517
1246 711
1246 751
1247 711
1247 1517
1247 751
1247 55
1248 511
1248 711
1248 1517
1248 193
1248 1521
1249 1517
1249 711
1249 661
1249 782
1250 511
1250 711
1250 1517
1250 751
1251 511
1251 1517
1251 711
1252 511
1252 711
1252 1517
1252 751
1252 554
1253 511
1253 711
1253 1517
1253 751
1253 48
1254 511
1254 711
1254 1517
1254 751
1255 511
1255 1517
1255 711
1255 782
1255 751
1256 511
1256 711
1256 1517
1256 751
1257 511
1257 1517
1257 711
1257 751
1258 511
1258 1517
1258 711
1258 751
1259 511
1259 1517
1259 711
1260 511
1260 1517
1260 782
1261 1517
1261 711
1261 751
1261 56
1262 511
1262 711
1262 1517
1262 751
1263 511
1263 711
1263 1517
1263 751
1263 825
1264 511
1264 1517
1264 711
1264 751
1265 511
1265 711
1265 1517
1265 751
1266 511
1266 711
1266 1517
1266 751
1266 1522
1267 511
1267 1517
1267 711
1267 751
1268 511
1268 1517
1268 711
1268 472
1268 751
1268 782
1269 711
1269 1517
1269 751
1270 1517
1270 711
1270 751
1271 511
1271 711
1271 1517
1271 751
1271 66
1272 511
1272 711
1272 1517
1273 511
1273 1517
1273 711
1273 751
1274 511
1274 711
1274 751
1275 1517
1275 751
1276 511
1276 1517
1276 711
1276 751
1277 511
1277 1517
1278 511
1278 1517
1278 751
1279 511
1279 711
1279 1517
1279 751
1280 511
1280 1517
1280 751
1281 511
1281 711
1281 1517
1282 511
1282 711
1282 782
1282 751
1283 511
1283 1517
1283 711
1283 751
1284 511
1284 711
1284 1517
1284 751
1285 511
1285 711
1285 1517
1285 751
1286 511
1286 711
1286 537
1286 751
1287 711
1287 1517
1287 751
1288 1517
1288 711
1288 751
1289 511
1289 1517
1289 711
1290 511
1290 711
1290 1517
1290 751
1291 511
1291 711
1291 1517
1291 751
1292 711
1292 1517
1292 751
1293 511
1293 711
1293 1517
1293 751
1294 511
1294 1517
1294 711
1294 751
1295 511
1295 751
1296 511
1296 711
1296 1517
1296 751
1297 511
1297 1517
1297 711
1297 751
1298 511
1298 711
1298 1517
1298 751
1298 782
1298 338
1299 1517
1299 711
1299 50
1299 751
1300 511
1300 1517
1300 711
1300 751
1300 1030
1301 1517
1301 711
1301 751
1301 661
1302 511
1302 759
1302 751
1303 511
1303 711
1303 751
1304 511
1304 1517
1304 711
1304 751
1305 511
1305 1517
1305 751
1305 374
1306 511
1306 1517
1306 711
1306 751
1307 511
1307 711
1307 1517
1307 751
1308 1517
1308 711
1308 751
1309 511
1309 1517
1309 711
1309 751
1310 511
1310 1517
1310 711
1310 751
1311 511
1311 711
1311 1517
1311 751
1312 511
1312 711
1312 1517
1312 751
1312 717
1313 511
1313 1517
1313 751
1314 511
1314 711
1314 1517
1314 751
1314 232
1315 511
1315 1517
1315 801
1315 751
1316 511
1316 1517
1316 711
1317 511
1317 711
1317 1517
1317 751
1318 511
1318 1517
1318 711
1318 707
1318 782
1318 751
1318 467
1319 511
1319 1517
1319 578
1319 751
1320 511
1320 1517
1320 711
1320 751
1320 782
1321 711
1321 1517
1321 825
1322 511
1322 711
1322 1517
1322 751
1323 711
1323 751
1324 511
1324 711
1324 1517
1324 751
1325 511
1325 751
1325 64
1326 511
1326 1517
1326 711
1326 346
1327 751
1327 739
1328 511
1328 1517
1328 751
1328 48
1329 511
1329 1517
1329 711
1329 751
1330 1517
1331 511
1331 1517
1331 711
1331 751
1332 711
1332 1517
1332 751
1333 511
1333 1517
1333 711
1333 751
1333 825
1334 511
1334 1517
1334 711
1334 790
1334 657
1334 751
1335 1517
1335 711
1335 751
1336 511
1336 711
1336 1517
1336 751
1337 511
1337 711
1337 1517
1337 751
1338 511
1338 711
1338 1517
1338 782
1338 751
1338 717
1339 511
1339 1517
1339 711
1339 751
1340 511
1340 1517
1340 711
1340 751
1341 1517
1341 711
1341 751
1342 511
1342 711
1342 1517
1342 751
1342 67
1343 511
1343 711
1343 1517
1343 1509
1343 751
1343 442
1343 209
1344 511
1344 711
1344 1517
1344 204
1344 751
1345 511
1345 711
1345 1517
1345 751
1346 511
1346 1517
1347 511
1347 1517
1347 711
1347 751
1348 511
1348 751
1348 67
1349 511
1349 711
1349 1517
1349 751
1350 1517
1350 751
1351 511
1351 711
1351 1517
1351 751
1352 1517
1352 751
1353 1517
1353 711
1353 751
1353 467
1354 511
1354 711
1354 1517
1354 751
1355 511
1355 1517
1355 751
1356 511
1356 1517
1356 751
1357 511
1357 711
1357 751
1358 511
1358 711
1358 1517
1358 751
1359 711
1359 1517
1359 48
1359 751
1360 511
1360 1517
1360 711
1360 751
1361 511
1361 1517
1361 751
1362 511
1362 711
1362 1517
1362 751
1363 511
1363 1517
1363 711
1363 853
1363 751
1364 511
1364 711
1364 751
1365 711
1365 751
1366 511
1366 711
1366 751
1367 511
1367 711
1367 1517
1367 782
1367 751
1368 511
1368 711
1368 1517
1368 751
1369 711
1369 1517
1369 751
1370 511
1370 711
1370 751
1371 511
1371 711
1371 751
1372 511
1372 1517
1372 711
1372 751
1373 511
1373 1517
1373 711
1373 751
1373 442
1374 511
1374 1517
1374 751
1375 511
1375 711
1375 751
1376 511
1376 1517
1376 711
1376 751
1377 511
1377 711
1377 1517
1377 751
1377 782
1378 511
1378 711
1378 751
1379 511
1379 711
1379 1517
1379 743
1379 751
1380 511
1380 711
1380 1517
1380 751
1381 511
1381 711
1381 1517
1381 751
1381 467
1382 511
1382 1517
1382 711
1382 59
1382 751
1383 511
1383 711
1383 751
1383 301
1384 511
1384 711
1384 1517
1384 751
1385 511
1385 1517
1385 711
1385 751
1386 511
1386 711
1387 511
1387 1517
1387 711
1387 751
1388 511
1388 1517
1388 751
1389 511
1389 1517
1389 711
1389 751
1389 1521
1390 511
1390 1517
1390 711
1390 751
1391 511
1391 1517
1391 711
1391 751
1392 511
1392 1517
1392 711
1392 751
1393 511
1393 711
1393 1517
1393 751
1393 790
1394 1517
1395 511
1395 711
1395 1517
1395 751
1396 511
1396 1517
1396 48
1397 711
1397 1517
1397 751
1398 511
1398 1517
1398 711
1398 751
1399 511
1399 711
1399 1517
1399 782
1399 64
1399 751
1400 511
1400 1517
1400 711
1400 67
1401 511
1401 711
1401 1517
1401 751
1402 511
1402 711
1402 751
1402 782
1403 511
1403 711
1403 67
1403 751
1404 511
1404 711
1404 466
1404 48
1405 511
1405 1517
1405 44
1405 751
1405 402
1406 511
1406 711
1406 751
1407 711
1407 1517
1407 751
1408 511
1408 711
1408 751
1408 782
1409 511
1409 711
1409 1517
1409 751
1410 511
1410 1517
1410 805
1410 209
1410 751
1411 511
1411 711
1411 1517
1411 751
1412 711
1412 1517
1412 53
1412 751
1413 511
1413 711
1413 1517
1413 751
1414 511
1414 1517
1414 711
1414 751
1415 511
1415 1517
1415 711
1415 782
1415 751
1416 511
1416 711
1416 1517
1416 751
1417 511
1417 1517
1417 751
1418 511
1418 711
1418 1517
1418 751
1419 511
1419 1517
1419 711
1419 751
1420 511
1420 1517
1420 711
1420 751
1421 511
1421 1517
1421 751
1422 511
1422 1517
1422 751
1422 853
1423 511
1423 1517
1423 711
1423 467
1423 751
1424 511
1424 711
1424 1517
1424 751
1425 511
1425 1517
1425 711
1425 751
1426 1517
1426 711
1426 775
1426 751
1427 1517
1428 511
1428 711
1428 751
1429 511
1429 711
1429 1517
1429 751
1429 782
1430 511
1430 711
1430 1517
1430 751
1431 511
1431 1517
1431 711
1431 751
1432 1517
1432 711
1432 751
1433 511
1433 711
1433 1517
1433 751
1434 511
1434 711
1434 1517
1434 751
1435 751
1435 492
1436 511
1436 711
1436 751
1437 711
1437 362
1438 511
1438 711
1438 751
1439 1517
1439 711
1439 751
1440 511
1440 711
1440 1517
1440 751
1441 511
1441 711
1442 1517
1442 711
1442 751
1443 511
1443 1517
1443 711
1443 751
1444 1517
1444 711
1444 751
1444 825
1445 511
1445 711
1445 1517
1445 751
1446 511
1446 1517
1446 711
1446 868
1446 751
1447 511
1447 711
1447 1517
1447 751
1447 739
1448 511
1448 711
1448 751
1449 511
1449 1517
1449 711
1449 751
1450 511
1450 711
1450 1517
1451 1517
1451 711
1451 751
1452 511
1452 1517
1452 711
1452 751
1453 511
1453 1517
1453 827
1453 782
1453 751
1454 511
1454 711
1454 1517
1454 751
1455 511
1455 1517
1455 782
1455 751
1456 511
1456 1517
1456 711
1456 751
1457 511
1457 711
1457 1517
1458 511
1458 711
1458 1517
1458 467
1458 782
1458 751
1459 1517
1459 711
1459 751
1460 511
1460 711
1460 1517
1460 751
1460 853
1461 511
1461 711
1461 1517
1461 751
1461 558
1462 511
1462 1517
1462 711
1462 751
1462 682
1462 782
1463 511
1463 1517
1463 711
1463 827
1464 511
1464 1517
1464 711
1464 751
1465 511
1465 711
1465 751
1466 511
1466 711
1466 1517
1466 751
1467 511
1467 1517
1467 711
1467 751
1468 1517
1468 711
1468 707
1469 511
1469 1517
1469 711
1469 751
1470 511
1470 711
1470 1517
1470 751
1471 511
1471 1517
1471 711
1471 751
1472 511
1472 1517
1472 711
1472 751
1472 409
1472 54
1473 711
1473 1517
1473 751
1474 511
1474 711
1474 1517
1474 338
1474 209
1474 751
1475 511
1475 1517
1475 751
1476 511
1476 1517
1476 711
1476 751
1477 511
1477 1517
1477 751
1478 511
1478 1517
1478 711
1478 751
1479 511
1479 711
1479 1517
1479 825
1479 751
1480 511
1480 1517
1480 711
1480 209
1480 751
1481 511
1481 1517
1481 466
1481 751
1482 511
1482 751
1483 511
1483 711
1483 1517
1483 751
1484 1517
1484 711
1484 751
1485 511
1485 711
1485 1517
1485 782
1485 751
1486 511
1486 711
1486 1517
1486 751
1487 711
1487 1517
1487 751
1487 782
1488 511
1488 1517
1488 711
1489 511
1489 1517
1489 711
1489 751
1489 66
1489 389
1490 711
1490 1517
1490 751
1490 89
1491 511
1491 1517
1491 711
1491 782
1492 511
1492 1517
1492 751
1493 511
1493 711
1493 1517
1493 48
1494 511
1494 711
1494 1517
1495 511
1495 1517
1495 751
1496 511
1496 711
1496 825
1496 377
1496 751
1497 1517
1497 711
1497 751
1498 511
1498 711
1498 1517
1498 751
1499 511
1499 1517
1499 751
1500 511
1500 711
1500 1517
1501 511
1501 711
1501 1517
1502 511
1502 711
1502 1517
1502 751
1502 782
1503 973
1503 959
1503 949
1503 430
1503 390
1503 493
1504 1017
1504 1015
1504 935
1504 809
1504 493
1505 126
1505 153
1505 929
1505 848
1505 732
1505 556
1506 118
1506 685
1506 531
1507 938
1507 814
1507 629
1507 542
1508 943
1508 901
1508 842
1509 106
1509 931
1509 495
1509 193
1510 618
1510 605
1511 986
1511 933
1511 938
1511 677
1511 891
1511 918
1511 545
1511 854
1512 168
1512 1022
1512 818
1512 777
1512 892
1512 465
1513 582
1514 659
1515 958
1515 990
1515 432
1516 905
1516 796
1516 517
1516 221
1517 597
1517 451
1517 604
1517 413
1517 24
1518 1000
1518 930
1518 32
1518 793
1518 1042
1519 631
1520 109
1520 840
1520 584
1520 647
1521 956
1521 964
1521 680
1521 383
1521 507
1522 108
1522 996
1522 28
1522 913
1522 886
1522 507
1522 711
