1061 0
1362 0
686 0
1491 0
709 1
1311 1
1109 1
655 1
581 1
1491 1
559 2
1169 2
1009 2
693 2
1491 2
1321 3
1075 3
948 3
1489 3
770 3
1232 3
1491 3
730 4
549 4
821 4
1491 4
534 5
1022 5
1411 5
750 5
1050 5
1024 5
1491 5
962 6
543 6
731 6
789 6
1491 6
1071 7
556 7
1066 7
1208 7
966 7
524 7
718 7
1491 7
1401 8
944 8
1465 8
656 8
732 8
1255 8
1438 8
1491 8
1225 9
1223 9
1145 9
780 9
727 9
977 9
1169 9
1003 9
1491 9
729 10
708 10
782 10
1136 10
795 10
1491 10
879 11
596 11
1270 11
934 11
992 11
899 11
1321 11
558 11
1491 11
829 12
1074 12
574 12
906 12
849 12
1491 12
542 13
945 13
621 13
551 13
688 13
891 13
579 13
1491 13
765 14
1307 14
512 14
1385 14
1371 14
782 14
1362 14
896 14
1491 14
1158 15
989 15
816 15
861 15
1383 15
626 15
690 15
1491 15
895 16
1171 16
1346 16
535 16
1179 16
577 16
945 16
1491 16
1041 17
1241 17
1125 17
1023 17
1279 17
1491 17
1339 18
1140 18
883 18
879 18
691 18
1247 18
1024 18
1431 18
1491 18
594 19
1089 19
1462 19
1491 19
1407 20
1091 20
719 20
1300 20
509 20
729 20
795 20
1491 20
786 21
822 21
846 21
1442 21
1491 21
1198 22
1018 22
637 22
1111 22
602 22
989 22
1428 22
1122 22
1491 22
988 23
575 23
1421 23
1402 23
990 23
1069 23
1487 23
812 23
1491 23
1329 24
1386 24
1485 24
707 24
1491 24
1270 25
1192 25
1489 25
1302 25
529 25
675 25
770 25
948 25
1491 25
1277 26
756 26
628 26
763 26
1343 26
850 26
1491 26
700 27
769 27
737 27
1491 27
721 28
699 28
1005 28
1491 28
1454 29
941 29
1112 29
513 29
1491 29
1320 30
889 30
788 30
564 30
951 30
1491 30
1024 31
558 31
993 31
1029 31
1491 31
883 32
1034 32
710 32
1192 32
802 32
691 32
1044 32
1022 32
1491 32
1386 33
934 33
879 33
948 33
1321 33
707 33
992 33
1491 33
967 34
535 34
645 34
1347 34
1491 34
534 35
1411 35
1050 35
1011 35
1232 35
1485 35
1025 35
1302 35
1491 35
1480 36
1399 36
1002 36
1088 36
886 36
1080 36
579 36
1491 36
889 37
878 37
778 37
1217 37
824 37
1491 37
1113 38
1166 38
843 38
854 38
563 38
1491 38
964 39
664 39
590 39
923 39
1426 39
1226 39
1491 39
853 40
782 40
644 40
1380 40
835 40
1156 40
922 40
1491 40
1105 41
963 41
1058 41
937 41
1491 41
825 42
1380 42
880 42
1079 42
659 42
812 42
991 42
712 42
1491 42
1161 43
1233 43
1300 43
1216 43
1090 43
1359 43
538 43
1491 43
1118 44
780 44
1444 44
1401 44
693 44
1491 44
1282 45
537 45
585 45
1318 45
1310 45
1137 45
1491 45
686 46
1252 46
1073 46
543 46
692 46
720 46
835 46
1491 46
1021 47
1209 47
1273 47
1491 47
1048 48
826 48
862 48
499 48
1389 48
701 48
528 48
1491 48
802 49
529 49
1489 49
940 49
1034 49
588 49
710 49
879 49
1491 49
1267 50
1275 50
1037 50
997 50
1480 50
933 50
1183 50
1491 50
1124 51
1172 51
911 51
789 51
1286 51
1491 51
1024 52
1224 52
1270 52
1192 52
948 52
1411 52
1065 52
1022 52
1489 52
1491 52
1003 53
1342 53
1277 53
1333 53
929 53
1491 53
1253 54
1408 54
1229 54
510 54
1446 54
764 54
1014 54
1491 54
924 55
747 55
757 55
1110 55
584 55
1347 55
1213 55
700 55
1491 55
1030 56
510 56
1110 56
1040 56
568 56
1186 56
1491 56
1004 57
661 57
741 57
996 57
849 57
1423 57
1491 57
641 58
604 58
1261 58
685 58
924 58
764 58
564 58
639 58
1491 58
1462 59
773 59
1081 59
586 59
1491 59
1010 60
1134 60
1438 60
690 60
1018 60
1491 60
611 61
1202 61
834 61
531 61
694 61
1491 61
570 62
979 62
777 62
1317 62
1087 62
752 62
829 62
906 62
1491 62
1453 63
861 63
1395 63
684 63
734 63
1176 63
1185 63
774 63
1491 63
633 64
1137 64
591 64
1491 64
569 65
1095 65
1290 65
1491 65
843 66
521 66
1304 66
1260 66
1491 66
1040 67
688 67
1017 67
866 67
1027 67
952 67
607 67
1014 67
1491 67
1465 68
884 68
774 68
1327 68
971 68
1420 68
963 68
1361 68
1491 68
779 69
783 69
736 69
1449 69
930 69
1491 69
654 70
1351 70
731 70
1218 70
1439 70
1491 70
1086 71
627 71
1099 71
1007 71
867 71
1380 71
1491 71
806 72
905 72
1159 72
1412 72
744 72
1491 72
1348 73
1046 73
1032 73
617 73
1491 73
879 74
588 74
940 74
598 74
1025 74
1075 74
1491 74
943 75
535 75
624 75
1261 75
1071 75
1253 75
1491 75
702 76
558 76
792 76
1025 76
1491 76
505 77
1264 77
616 77
1393 77
975 77
525 77
1332 77
1491 77
1018 78
1383 78
1159 78
884 78
1491 78
858 79
923 79
1380 79
517 79
1491 79
1174 80
935 80
754 80
705 80
522 80
1491 80
1301 81
1440 81
710 81
1491 81
1426 82
1409 82
1203 82
1047 82
1478 82
801 82
1491 82
981 83
610 83
702 83
1491 83
589 84
901 84
668 84
1491 84
1114 85
1082 85
624 85
1446 85
769 85
834 85
828 85
1313 85
1491 85
1133 86
1089 86
1477 86
1134 86
656 86
956 86
1491 86
1406 87
1282 87
996 87
1120 87
939 87
973 87
1491 87
1372 88
816 88
1009 88
1018 88
937 88
1081 88
1122 88
1491 88
981 89
1050 89
1489 89
899 89
792 89
750 89
992 89
1491 89
1312 90
1260 90
1147 90
1491 90
1356 91
1221 91
1332 91
1063 91
1393 91
671 91
969 91
1491 91
1031 92
664 92
812 92
623 92
1307 92
643 92
962 92
1491 92
1079 93
1478 93
847 93
503 93
1252 93
1491 93
1354 94
826 94
1210 94
1198 94
1403 94
1159 94
1465 94
1491 94
1339 95
1489 95
1489 95
1247 95
1034 95
1491 95
623 96
1445 96
1407 96
988 96
877 96
1426 96
735 96
1421 96
1491 96
1099 97
520 97
1201 97
665 97
830 97
888 97
651 97
1450 97
1491 97
1433 98
744 98
1076 98
1491 98
807 99
1177 99
765 99
1238 99
964 99
1061 99
908 99
659 99
1491 99
1248 100
590 100
799 100
503 100
1491 100
1213 101
531 101
813 101
1067 101
1326 101
546 101
1491 101
1049 102
521 102
724 102
1436 102
1491 102
664 103
640 103
990 103
1161 103
1371 103
896 103
1211 103
1491 103
1166 104
975 104
1417 104
979 104
768 104
1328 104
793 104
522 104
1491 104
992 105
1025 105
1489 105
558 105
1022 105
1491 105
1091 106
1026 106
1227 106
903 106
520 106
1491 106
1137 107
772 107
1199 107
843 107
1491 107
1022 108
802 108
1485 108
1491 108
721 109
1080 109
587 109
1483 109
1299 109
1040 109
546 109
1491 109
1333 110
1435 110
609 110
740 110
1491 110
1372 111
1477 111
1077 111
1403 111
1003 111
1473 111
963 111
826 111
1491 111
942 112
1045 112
1283 112
653 112
1491 112
1062 113
1146 113
1327 113
827 113
1491 113
637 114
594 114
806 114
1491 114
1402 115
964 115
560 115
911 115
1206 115
1491 115
1198 116
1400 116
859 116
1138 116
1412 116
1010 116
642 116
1081 116
1491 116
1078 117
678 117
895 117
804 117
791 117
1491 117
755 118
1306 118
757 118
1491 118
815 119
1253 119
546 119
639 119
1430 119
1143 119
1135 119
1249 119
1491 119
1255 120
620 120
861 120
1491 120
1230 121
859 121
753 121
1287 121
809 121
1469 121
1491 121
697 122
1110 122
1363 122
824 122
1303 122
1222 122
725 122
1491 122
763 123
1400 123
1045 123
1327 123
816 123
544 123
1223 123
1089 123
1491 123
1088 124
636 124
924 124
666 124
1491 124
1084 125
1008 125
945 125
1013 125
1491 125
610 126
981 126
1140 126
1431 126
534 126
1025 126
1485 126
1491 126
998 127
1185 127
1128 127
1338 127
578 127
1372 127
513 127
1491 127
1458 128
1486 128
512 128
844 128
1426 128
1228 128
1491 128
1382 129
809 129
1089 129
523 129
679 129
1462 129
1491 129
905 130
515 130
998 130
1348 130
999 130
1151 130
1491 130
692 131
1478 131
532 131
622 131
1371 131
1458 131
1351 131
1491 131
1022 132
596 132
899 132
802 132
1024 132
558 132
1491 132
597 133
871 133
676 133
1491 133
583 134
911 134
1455 134
1491 134
980 135
1001 135
651 135
840 135
526 135
715 135
892 135
1073 135
1491 135
1249 136
689 136
604 136
1008 136
1154 136
639 136
1491 136
1263 137
796 137
718 137
1265 137
1418 137
1296 137
1491 137
1449 138
1222 138
1014 138
1098 138
930 138
1491 138
632 139
1102 139
895 139
581 139
1367 139
1410 139
535 139
1341 139
1491 139
1366 140
601 140
973 140
1304 140
1491 140
1465 141
1015 141
1128 141
821 141
1185 141
763 141
1491 141
1063 142
570 142
1184 142
1491 142
560 143
1457 143
795 143
1491 143
1182 144
582 144
1340 144
1054 144
1234 144
642 144
1491 144
1444 145
559 145
957 145
626 145
1081 145
1464 145
1401 145
1491 145
1261 146
568 146
634 146
1153 146
873 146
687 146
1491 146
1145 147
862 147
499 147
1038 147
1491 147
956 148
602 148
680 148
523 148
637 148
1491 148
1134 149
1041 149
1062 149
1444 149
1196 149
1343 149
1491 149
642 150
1377 150
1464 150
1491 150
846 151
641 151
592 151
874 151
1268 151
1491 151
1159 152
682 152
1475 152
1491 152
1290 153
1216 153
1012 153
799 153
1489 153
1491 153
968 154
762 154
1309 154
1091 154
643 154
1385 154
1090 154
590 154
1489 154
1491 154
1118 155
1372 155
871 155
1130 155
1491 155
567 156
1468 156
1018 156
905 156
1428 156
833 156
1491 156
618 157
1075 157
596 157
610 157
1491 157
590 158
571 158
801 158
1491 158
983 159
824 159
1430 159
1347 159
1021 159
814 159
672 159
803 159
1491 159
748 160
897 160
1465 160
1076 160
1405 160
1344 160
1083 160
1491 160
1439 161
896 161
520 161
1491 161
845 162
1257 162
1303 162
1353 162
703 162
737 162
769 162
1217 162
1491 162
605 163
1226 163
1203 163
801 163
1491 163
900 164
585 164
633 164
1129 164
1319 164
614 164
724 164
1491 164
588 165
1321 165
596 165
883 165
1491 165
958 166
699 166
667 166
1066 166
1191 166
1491 166
897 167
851 167
1167 167
1176 167
677 167
1343 167
838 167
1062 167
1491 167
562 168
1286 168
901 168
877 168
583 168
627 168
1491 168
1335 169
636 169
561 169
604 169
952 169
1491 169
1283 170
626 170
1279 170
1491 170
831 171
1118 171
1361 171
1018 171
965 171
1167 171
1491 171
1465 172
881 172
977 172
1018 172
1491 172
1234 173
1327 173
826 173
821 173
998 173
1491 173
1294 174
844 174
835 174
1061 174
1371 174
1214 174
1216 174
569 174
1491 174
1180 175
597 175
1138 175
1134 175
684 175
809 175
544 175
1340 175
1491 175
528 176
734 176
1045 176
753 176
530 176
916 176
1468 176
1019 176
1491 176
656 177
682 177
1361 177
929 177
1146 177
669 177
1491 177
1350 178
632 178
1313 178
751 178
1388 178
545 178
1491 178
669 179
790 179
646 179
998 179
1127 179
821 179
1491 179
1013 180
1040 180
504 180
1341 180
1367 180
959 180
894 180
1491 180
1138 181
586 181
836 181
501 181
1491 181
671 182
868 182
1055 182
1113 182
1423 182
662 182
615 182
1491 182
1259 183
563 183
1016 183
1043 183
1120 183
1417 183
1308 183
1491 183
785 184
958 184
1144 184
561 184
514 184
1491 184
1085 185
734 185
701 185
763 185
1491 185
615 186
1282 186
760 186
1491 186
687 187
721 187
1263 187
967 187
761 187
1191 187
1491 187
709 188
1171 188
1449 188
632 188
1014 188
1280 188
504 188
1491 188
966 189
970 189
1131 189
1008 189
1491 189
942 190
1015 190
617 190
850 190
1277 190
637 190
1348 190
1279 190
1491 190
708 191
1307 191
982 191
1491 191
520 192
954 192
533 192
1439 192
901 192
665 192
1478 192
1491 192
684 193
978 193
511 193
1163 193
1491 193
1398 194
717 194
1253 194
1154 194
889 194
1323 194
545 194
1491 194
1095 195
1292 195
712 195
1271 195
517 195
1491 195
986 196
1304 196
614 196
1417 196
768 196
1491 196
1136 197
1246 197
988 197
858 197
1426 197
1491 197
1178 198
1134 198
1266 198
1245 198
499 198
680 198
1338 198
1491 198
709 199
1295 199
794 199
1491 199
614 200
1366 200
1033 200
716 200
1491 200
704 201
1381 201
814 201
1189 201
1491 201
1465 202
1420 202
1471 202
998 202
1401 202
499 202
774 202
1489 202
1491 202
1153 203
1467 203
1396 203
743 203
919 203
1491 203
604 204
1367 204
600 204
1491 204
1035 205
1106 205
537 205
1491 205
1184 206
1259 206
996 206
1199 206
972 206
615 206
742 206
1312 206
1491 206
1351 207
1439 207
782 207
512 207
840 207
853 207
543 207
1491 207
1241 208
740 208
1125 208
1491 208
1308 209
793 209
932 209
505 209
1419 209
1317 209
1491 209
731 210
1001 210
643 210
1371 210
1012 210
509 210
1491 210
742 211
906 211
975 211
603 211
552 211
1293 211
920 211
910 211
1491 211
1401 212
905 212
646 212
1123 212
1274 212
1491 212
1309 213
923 213
1407 213
562 213
1491 213
533 214
1300 214
1362 214
712 214
789 214
664 214
1491 214
841 215
1426 215
647 215
527 215
1491 215
913 216
922 216
921 216
799 216
877 216
980 216
1491 216
1411 217
899 217
1075 217
1192 217
1491 217
553 218
656 218
582 218
1094 218
663 218
1491 218
1037 219
878 219
631 219
1491 219
510 220
874 220
568 220
1152 220
1135 220
1219 220
1363 220
709 220
1491 220
1441 221
540 221
1400 221
740 221
1364 221
1158 221
863 221
1491 221
628 222
1048 222
776 222
1083 222
1491 222
1423 223
552 223
566 223
661 223
565 223
854 223
585 223
1491 223
1387 224
842 224
1243 224
1491 224
963 225
1058 225
1468 225
1390 225
1491 225
803 226
757 226
983 226
1005 226
546 226
1489 226
1491 226
1413 227
1102 227
1193 227
1491 227
1442 228
886 228
592 228
800 228
1160 228
670 228
551 228
1491 228
627 229
867 229
1047 229
1177 229
622 229
990 229
807 229
1491 229
594 230
978 230
1118 230
1491 230
804 231
1102 231
1144 231
1491 231
1031 232
954 232
1108 232
1246 232
1233 232
1491 232
1474 233
738 233
684 233
811 233
1491 233
1405 234
947 234
1107 234
1009 234
1491 234
1310 235
1137 235
1356 235
1491 235
508 236
905 236
1370 236
1105 236
1491 236
554 237
1201 237
1226 237
1460 237
739 237
901 237
1491 237
545 238
1341 238
919 238
667 238
1418 238
1489 238
1491 238
1236 239
1287 239
628 239
756 239
851 239
833 239
1150 239
1364 239
1491 239
874 240
894 240
951 240
1491 240
592 241
704 241
747 241
1491 241
948 242
750 242
1489 242
710 242
539 242
992 242
1470 242
1491 242
609 243
1041 243
833 243
1076 243
1185 243
1151 243
559 243
1491 243
1087 244
772 244
1259 244
1162 244
1491 244
583 245
622 245
640 245
1491 245
1083 246
1333 246
1046 246
1076 246
851 246
941 246
1236 246
1491 246
934 247
879 247
899 247
707 247
1491 247
1126 248
1316 248
1248 248
1491 248
1421 249
923 249
1124 249
1292 249
527 249
1227 249
1491 249
1064 250
1297 250
1007 250
533 250
1450 250
1316 250
590 250
1491 250
716 251
661 251
1055 251
724 251
768 251
1406 251
1491 251
876 252
1061 252
911 252
512 252
1491 252
799 253
1407 253
1161 253
1491 253
1392 254
817 254
963 254
1491 254
1166 255
1459 255
1147 255
1221 255
1087 255
683 255
1074 255
505 255
1491 255
930 256
1068 256
1467 256
1257 256
1456 256
958 256
1080 256
757 256
1491 256
1043 257
1419 257
1074 257
969 257
1256 257
1491 257
1089 258
1032 258
547 258
811 258
1491 258
1477 259
1019 259
1159 259
1465 259
676 259
1225 259
1234 259
1491 259
1204 260
1093 260
1486 260
1458 260
887 260
1491 260
1031 261
1093 261
1097 261
864 261
1402 261
589 261
1491 261
869 262
973 262
683 262
986 262
1184 262
615 262
1293 262
1491 262
757 263
1037 263
1381 263
1181 263
938 263
912 263
771 263
1002 263
1491 263
1200 264
1419 264
565 264
960 264
521 264
1310 264
1491 264
597 265
1429 265
947 265
863 265
1048 265
682 265
1159 265
1491 265
1176 266
774 266
1372 266
1056 266
1491 266
894 267
1315 267
652 267
882 267
1341 267
1491 267
847 268
988 268
1351 268
1491 268
902 269
629 269
1353 269
706 269
1102 269
1491 269
1332 270
1317 270
926 270
1293 270
1115 270
1491 270
1002 271
766 271
1397 271
1280 271
779 271
1443 271
743 271
1006 271
1491 271
544 272
656 272
1390 272
833 272
515 272
646 272
1168 272
1491 272
644 273
674 273
799 273
533 273
1491 273
955 274
865 274
961 274
1018 274
914 274
1373 274
1491 274
670 275
1442 275
1244 275
604 275
1430 275
822 275
959 275
766 275
1491 275
1127 276
1405 276
1392 276
1491 276
711 277
511 277
682 277
1032 277
1491 277
556 278
878 278
595 278
688 278
1491 278
596 279
1075 279
707 279
618 279
691 279
1301 279
1224 279
1491 279
571 280
715 280
692 280
562 280
507 280
1491 280
1048 281
530 281
513 281
1435 281
576 281
916 281
559 281
744 281
1491 281
951 282
697 282
822 282
1303 282
1267 282
1489 282
1491 282
895 283
1014 283
886 283
769 283
1461 283
1013 283
1491 283
927 284
1254 284
538 284
1491 284
691 285
1411 285
1431 285
1022 285
702 285
1491 285
620 286
944 286
1334 286
929 286
1348 286
881 286
1223 286
1103 286
1491 286
1391 287
634 287
747 287
1149 287
1491 287
1457 288
1099 288
1061 288
708 288
583 288
844 288
1491 288
705 289
1113 289
661 289
1256 289
1481 289
935 289
671 289
985 289
1491 289
1041 290
1076 290
1453 290
553 290
646 290
711 290
884 290
1491 290
1025 291
883 291
1140 291
1011 291
675 291
606 291
1491 291
1391 292
604 292
1449 292
1353 292
1100 292
815 292
714 292
678 292
1491 292
1054 293
857 293
1116 293
1491 293
948 294
1022 294
879 294
558 294
1301 294
1411 294
598 294
1029 294
1491 294
536 295
524 295
786 295
909 295
1491 295
1096 296
757 296
542 296
1491 296
1035 297
1055 297
1375 297
522 297
1416 297
705 297
969 297
1491 297
1073 298
841 298
1351 298
1491 298
731 299
1026 299
1126 299
657 299
1201 299
1491 299
1435 300
1168 300
1383 300
1182 300
557 300
776 300
1474 300
1130 300
1491 300
1111 301
1083 301
821 301
833 301
696 301
1491 301
828 302
1067 302
1298 302
1195 302
1215 302
1397 302
873 302
1491 302
1194 303
654 303
982 303
1407 303
1439 303
1491 303
601 304
1317 304
932 304
1319 304
723 304
552 304
1491 304
853 305
589 305
554 305
848 305
1292 305
762 305
921 305
1491 305
618 306
1034 306
675 306
1247 306
1024 306
1025 306
707 306
1491 306
927 307
692 307
1455 307
613 307
1487 307
668 307
659 307
520 307
1491 307
1075 308
934 308
618 308
1270 308
750 308
539 308
1491 308
1369 309
1468 309
1360 309
576 309
1491 309
1043 310
552 310
1129 310
1491 310
868 311
1332 311
1004 311
1293 311
781 311
1087 311
1491 311
1365 312
1434 312
1106 312
574 312
1491 312
606 313
1232 313
658 313
675 313
702 313
1491 313
881 314
1158 314
790 314
677 314
1451 314
1438 314
1491 314
1099 315
1204 315
887 315
922 315
848 315
1309 315
1491 315
794 316
689 316
625 316
587 316
1432 316
1291 316
1491 316
1365 317
829 317
839 317
1317 317
603 317
969 317
1491 317
708 318
1079 318
1457 318
825 318
762 318
950 318
1073 318
830 318
1491 318
1019 319
1225 319
586 319
1245 319
1288 319
1196 319
1403 319
865 319
1491 319
1330 320
1381 320
697 320
1215 320
1059 320
1491 320
1044 321
879 321
899 321
1491 321
816 322
677 322
1477 322
1344 322
1128 322
559 322
1491 322
1181 323
1187 323
1326 323
1142 323
1491 323
947 324
907 324
682 324
1491 324
1076 325
1395 325
1373 325
1452 325
1176 325
1491 325
534 326
940 326
883 326
1491 326
1206 327
1203 327
835 327
1231 327
1316 327
554 327
1491 327
765 328
1421 328
605 328
1491 328
1227 329
775 329
1073 329
1211 329
583 329
735 329
1437 329
1491 329
1183 330
943 330
510 330
1491 330
1264 331
570 331
754 331
1491 331
698 332
1239 332
1159 332
669 332
1392 332
1344 332
1491 332
1248 333
560 333
554 333
1450 333
1079 333
1491 333
1173 334
1402 334
1124 334
1487 334
1491 334
983 335
697 335
933 335
1424 335
535 335
1066 335
1491 335
687 336
866 336
1030 336
1413 336
1489 336
1491 336
652 337
1315 337
800 337
584 337
1398 337
561 337
1491 337
1282 338
537 338
1434 338
1375 338
742 338
768 338
574 338
1489 338
1491 338
1200 339
1479 339
683 339
566 339
649 339
552 339
1147 339
975 339
1491 339
1390 340
1370 340
1180 340
987 340
984 340
1279 340
1491 340
539 341
1044 341
1321 341
948 341
792 341
934 341
1050 341
610 341
1491 341
1314 342
1063 342
752 342
1406 342
635 342
1491 342
663 343
890 343
515 343
1019 343
1491 343
508 344
1283 344
1122 344
1070 344
549 344
617 344
1240 344
774 344
1491 344
1130 345
656 345
515 345
1046 345
1344 345
1491 345
675 346
883 346
588 346
1491 346
628 347
1197 347
541 347
1422 347
602 347
1452 347
936 347
989 347
1491 347
1062 348
609 348
1107 348
823 348
597 348
1491 348
1342 349
673 349
511 349
1429 349
523 349
1288 349
1491 349
1102 350
1078 350
687 350
1353 350
1188 350
706 350
1491 350
717 351
1165 351
1027 351
1404 351
970 351
1336 351
1491 351
715 352
538 352
1281 352
1491 352
950 353
571 353
968 353
904 353
1491 353
999 354
646 354
580 354
567 354
1039 354
1491 354
1127 355
859 355
580 355
1468 355
1230 355
617 355
1128 355
857 355
1491 355
904 356
1374 356
1119 356
1206 356
735 356
1281 356
908 356
1491 356
536 357
1430 357
1298 357
655 357
800 357
761 357
1491 357
1253 358
1346 358
1257 358
1215 358
725 358
1363 358
695 358
1109 358
1491 358
559 359
701 359
1223 359
663 359
1283 359
1491 359
1456 360
1296 360
1425 360
593 360
1165 360
581 360
1491 360
709 361
1208 361
688 361
577 361
1303 361
1006 361
1491 361
572 362
1144 362
687 362
1040 362
709 362
1189 362
1350 362
1491 362
951 363
1030 363
700 363
856 363
1491 363
1216 364
1231 364
1427 364
1007 364
715 364
1172 364
657 364
893 364
1491 364
1392 365
1158 365
1196 365
648 365
502 365
1491 365
595 366
1313 366
1357 366
546 366
1165 366
1186 366
1491 366
1487 367
1231 367
1099 367
1309 367
692 367
507 367
1491 367
1411 368
606 368
618 368
992 368
1485 368
1491 368
821 369
701 369
749 369
1130 369
961 369
637 369
823 369
1491 369
1292 370
1124 370
686 370
1231 370
1487 370
782 370
1252 370
1491 370
533 371
1325 371
784 371
509 371
922 371
1073 371
812 371
1491 371
805 372
1222 372
828 372
1021 372
631 372
1181 372
1491 372
868 373
566 373
1200 373
767 373
723 373
1491 373
1067 374
1109 374
581 374
632 374
709 374
1006 374
689 374
1491 374
890 375
501 375
1392 375
852 375
995 375
1491 375
1454 376
1241 376
1239 376
1094 376
1178 376
553 376
1491 376
1123 377
826 377
1023 377
1465 377
1491 377
984 378
1111 378
646 378
669 378
857 378
852 378
1491 378
911 379
1052 379
795 379
858 379
1374 379
1491 379
957 380
836 380
1176 380
1403 380
1076 380
965 380
1324 380
1491 380
1027 381
660 381
1251 381
1335 381
1491 381
1047 382
647 382
1487 382
876 382
719 382
712 382
950 382
1491 382
1188 383
898 383
1149 383
1262 383
1446 383
1491 383
664 384
911 384
651 384
1478 384
1284 384
901 384
1491 384
1400 385
1116 385
1105 385
1138 385
1491 385
769 386
706 386
636 386
728 386
1217 386
1280 386
1491 386
854 387
1184 387
585 387
574 387
1310 387
1489 387
1491 387
516 388
1268 388
1189 388
1100 388
1155 388
1299 388
1491 388
1059 389
976 389
604 389
759 389
1109 389
1346 389
1135 389
546 389
1491 389
582 390
1134 390
827 390
957 390
1274 390
1338 390
1230 390
676 390
1491 390
883 391
1044 391
1024 391
606 391
1491 391
849 392
839 392
1106 392
1423 392
565 392
1310 392
1312 392
635 392
1491 392
1014 393
1066 393
1346 393
1017 393
1040 393
1491 393
879 394
1485 394
883 394
710 394
1491 394
678 395
800 395
1306 395
1191 395
1149 395
1491 395
1285 396
501 396
978 396
817 396
1491 396
556 397
1336 397
1036 397
919 397
1489 397
1491 397
1126 398
1139 398
527 398
1491 398
764 399
1078 399
1141 399
1491 399
529 400
1331 400
899 400
1386 400
1491 400
1471 401
1400 401
1382 401
842 401
1083 401
1491 401
907 402
1103 402
1451 402
630 402
1361 402
965 402
499 402
1094 402
1491 402
1266 403
1376 403
1134 403
1122 403
995 403
1151 403
1491 403
1290 404
1254 404
664 404
904 404
1211 404
1126 404
1491 404
564 405
581 405
997 405
688 405
874 405
1491 405
1208 406
695 406
1215 406
1491 406
1337 407
745 407
1278 407
615 407
900 407
973 407
1293 407
1491 407
744 408
914 408
1387 408
1009 408
1333 408
1471 408
746 408
1491 408
1451 409
733 409
1125 409
1370 409
1225 409
518 409
1491 409
1011 410
770 410
1331 410
707 410
934 410
1044 410
529 410
899 410
1491 410
732 411
1105 411
502 411
1138 411
753 411
942 411
1210 411
1489 411
1491 411
1128 412
1354 412
1054 412
1009 412
1138 412
1491 412
1081 413
974 413
1305 413
586 413
881 413
502 413
965 413
1015 413
1491 413
1263 414
524 414
1213 414
822 414
1491 414
849 415
752 415
1366 415
1491 415
1167 416
780 416
1420 416
1103 416
1041 416
916 416
753 416
1491 416
1295 417
1209 417
1017 417
1367 417
1491 417
1111 418
1236 418
1344 418
819 418
1169 418
669 418
1491 418
1331 419
940 419
1489 419
1192 419
899 419
1411 419
1491 419
1416 420
603 420
960 420
975 420
1332 420
1337 420
601 420
1491 420
867 421
659 421
644 421
719 421
1254 421
1491 421
1180 422
1134 422
944 422
859 422
630 422
1491 422
1441 423
971 423
836 423
1239 423
1169 423
1491 423
727 424
947 424
1305 424
1103 424
1274 424
1491 424
728 425
1335 425
1249 425
909 425
1212 425
1353 425
949 425
548 425
1491 425
952 426
703 426
797 426
800 426
785 426
1491 426
1086 427
527 427
1136 427
1362 427
664 427
853 427
913 427
1073 427
1489 427
1491 427
1326 428
721 428
1237 428
706 428
687 428
1491 428
1489 429
1411 429
992 429
802 429
981 429
1491 429
1035 430
1129 430
932 430
854 430
832 430
1491 430
753 431
653 431
1400 431
827 431
937 431
1283 431
871 431
918 431
1491 431
759 432
1306 432
550 432
652 432
1491 432
498 433
700 433
1424 433
1222 433
1491 433
1260 434
986 434
565 434
920 434
552 434
1375 434
1491 434
659 435
1211 435
990 435
844 435
758 435
543 435
712 435
507 435
1491 435
840 436
527 436
1057 436
812 436
1164 436
928 436
1491 436
1101 437
714 437
1267 437
1213 437
625 437
1053 437
1272 437
1489 437
1491 437
1204 438
784 438
526 438
888 438
1362 438
657 438
848 438
1491 438
597 439
826 439
1340 439
989 439
1491 439
752 440
1459 440
1016 440
1356 440
1491 440
666 441
1346 441
1028 441
1484 441
1209 441
815 441
1491 441
649 442
1278 442
1319 442
1043 442
1491 442
1021 443
1005 443
645 443
1160 443
1212 443
1269 443
976 443
1491 443
823 444
690 444
1062 444
1491 444
785 445
587 445
1067 445
822 445
1491 445
920 446
1148 446
649 446
752 446
570 446
1491 446
1411 447
1302 447
1331 447
1065 447
1270 447
1024 447
770 447
618 447
1491 447
817 448
1285 448
1288 448
711 448
965 448
1491 448
1194 449
1290 449
720 449
1409 449
1292 449
1079 449
1073 449
1316 449
1491 449
730 450
974 450
711 450
1491 450
1414 451
1454 451
1019 451
511 451
821 451
1491 451
1388 452
873 452
889 452
1265 452
764 452
1237 452
1183 452
506 452
1489 452
1491 452
573 453
1191 453
699 453
621 453
779 453
1491 453
1365 454
1293 454
868 454
772 454
519 454
563 454
505 454
1491 454
1146 455
1234 455
1414 455
1392 455
978 455
1105 455
690 455
1491 455
1285 456
642 456
696 456
1077 456
530 456
1019 456
1491 456
919 457
703 457
764 457
1237 457
1472 457
725 457
1491 457
1410 458
634 458
672 458
1491 458
681 459
565 459
1312 459
975 459
767 459
1166 459
1491 459
1094 460
995 460
1234 460
1369 460
1420 460
653 460
1412 460
1491 460
1353 461
1396 461
1466 461
785 461
1135 461
800 461
699 461
655 461
1491 461
960 462
1256 462
525 462
681 462
563 462
772 462
1489 462
1491 462
792 463
1489 463
1044 463
588 463
1491 463
1081 464
1469 464
977 464
1239 464
515 464
998 464
850 464
1077 464
1491 464
625 465
1096 465
695 465
1183 465
545 465
1491 465
1111 466
941 466
1403 466
1159 466
576 466
530 466
842 466
1255 466
1491 466
1177 467
674 467
1316 467
1190 467
1057 467
1491 467
1179 468
1335 468
1143 468
1269 468
805 468
500 468
1244 468
1489 468
1491 468
939 469
793 469
875 469
1260 469
1242 469
1491 469
1343 470
852 470
1435 470
1112 470
1277 470
1491 470
535 471
639 471
1002 471
1491 471
1413 472
728 472
1408 472
722 472
1491 472
814 473
800 473
1141 473
1014 473
1491 473
1386 474
1075 474
1489 474
1431 474
993 474
750 474
883 474
1491 474
1133 475
656 475
1469 475
819 475
862 475
865 475
1491 475
1299 476
1187 476
726 476
641 476
1425 476
1491 476
660 477
714 477
1330 477
1153 477
555 477
894 477
1235 477
983 477
1491 477
539 478
1192 478
946 478
1431 478
750 478
1024 478
802 478
1075 478
1491 478
1272 479
1298 479
1467 479
714 479
1006 479
1320 479
736 479
1191 479
1491 479
915 480
613 480
665 480
1126 480
980 480
1012 480
1220 480
1450 480
1491 480
1090 481
1374 481
538 481
1231 481
1491 481
1038 482
1382 482
1158 482
1491 482
787 483
824 483
611 483
1491 483
764 484
925 484
1208 484
631 484
1467 484
845 484
510 484
1491 484
591 485
724 485
570 485
849 485
1314 485
1147 485
1042 485
1491 485
541 486
594 486
1444 486
1491 486
778 487
1187 487
1000 487
1002 487
498 487
1491 487
876 488
853 488
1194 488
1119 488
583 488
1491 488
918 489
1243 489
998 489
749 489
696 489
862 489
730 489
1128 489
1491 489
596 490
1411 490
606 490
792 490
1331 490
534 490
1491 490
783 491
694 491
1244 491
1330 491
1037 491
1080 491
967 491
1188 491
1491 491
1184 492
671 492
1115 492
926 492
1481 492
832 492
768 492
1491 492
706 493
1413 493
1261 493
874 493
572 493
1491 493
1376 494
881 494
1465 494
1491 494
530 495
1239 495
653 495
1405 495
669 495
1058 495
861 495
734 495
1491 495
1062 496
1023 496
1468 496
1390 496
693 496
756 496
1491 496
841 497
762 497
517 497
1491 497
1491 498
678 504
1384 517
1447 523
1670 529
2023 529
2051 529
1802 529
2428 529
1879 529
1685 529
1622 529
2028 529
2006 529
1670 534
2313 539
1442 556
1027 556
1788 558
2243 558
1316 562
659 562
1000 568
1107 576
617 578
2470 588
1597 596
1411 596
1540 598
2068 598
1318 601
760 601
2210 606
2217 606
1660 606
2113 606
1970 606
2369 606
1620 606
2323 606
2281 606
2304 606
2381 610
1901 610
1760 618
1349 619
1449 636
573 638
1737 658
2488 658
1271 659
954 659
1413 660
1407 665
708 665
1020 667
551 667
1475 669
586 669
1265 670
1266 673
1596 675
1812 675
2030 691
1071 695
1067 695
2189 702
1552 702
1459 705
869 705
2401 707
1562 710
966 717
1362 729
1361 749
1010 749
1956 750
1794 750
603 760
683 760
888 765
571 765
1610 770
2206 770
2185 770
1689 770
1693 770
2441 770
2235 770
2392 770
1650 770
1865 770
1071 771
700 788
737 788
2321 792
2419 792
754 793
900 793
688 796
1119 799
2372 802
1164 807
1245 831
1183 837
1228 847
765 847
817 852
1016 868
1115 868
2278 879
1370 881
1522 883
2491 899
563 900
979 900
793 932
601 932
1865 934
2301 940
2288 940
2488 946
2444 948
1535 948
1320 951
636 951
646 961
1364 961
711 965
1045 974
2128 981
1085 987
515 987
677 989
1377 989
2436 992
1811 992
2445 993
593 1000
1021 1000
954 1007
2485 1011
2462 1011
2180 1022
2242 1022
1647 1022
1867 1022
2265 1022
2424 1022
2278 1022
1699 1022
1654 1022
1755 1022
2427 1024
1849 1024
1926 1025
2023 1029
2212 1034
2344 1034
2491 1044
2304 1050
1943 1050
2031 1065
2223 1065
1519 1075
1568 1075
717 1080
914 1081
549 1083
1392 1092
1150 1092
904 1095
1385 1095
1357 1096
1404 1096
780 1105
1077 1105
514 1110
732 1118
850 1128
1311 1132
1461 1132
2487 1140
1065 1140
931 1150
1449 1157
678 1157
775 1173
796 1189
604 1189
1986 1192
1022 1192
561 1213
1336 1217
695 1217
2400 1224
1371 1228
1333 1230
1640 1232
1414 1240
1234 1240
1684 1247
1489 1247
1050 1247
507 1248
2146 1270
775 1284
1693 1301
2180 1301
1813 1302
795 1309
876 1309
584 1315
564 1315
839 1317
920 1317
1761 1321
1664 1329
2328 1331
2478 1339
1454 1342
1133 1342
600 1346
882 1346
1125 1348
1471 1348
894 1357
1098 1357
1121 1358
799 1358
740 1364
1045 1364
1117 1378
1010 1378
1985 1386
1139 1409
2061 1411
2110 1411
2453 1411
2320 1411
2013 1411
1588 1411
1597 1411
1835 1411
1536 1411
1859 1411
800 1418
580 1420
1284 1421
1444 1422
1112 1422
757 1424
1179 1424
1989 1431
1281 1437
1421 1437
1359 1439
877 1439
1581 1440
836 1447
502 1447
974 1454
1525 1470
501 1473
620 1473
995 1477
2253 1485
1359 1486
1177 1486
979 1488
741 1488
1416 1488
768 1488
1120 1488
1049 1488
1356 1488
1260 1488
2800 1494
1490 1494
2759 1495
1490 1495
403 1496
2792 1496
1490 1496
1490 1497
67 1498
1490 1498
305 1499
2882 1499
1490 1499
1490 1500
2573 1501
1490 1501
332 1502
75 1502
1490 1502
1490 1503
1490 1504
2853 1505
2752 1505
1490 1505
2929 1506
1490 1506
1490 1507
2935 1508
2640 1508
1490 1508
1490 1509
6 1510
2980 1510
1490 1510
1490 1511
455 1512
1490 1512
2982 1513
2928 1513
1490 1513
1490 1514
219 1515
1490 1515
339 1516
1490 1516
51 1517
1490 1517
2922 1518
2770 1518
2809 1518
1490 1518
1490 1519
1490 1520
1490 1521
337 1522
397 1522
1490 1522
485 1523
150 1523
1490 1523
1490 1524
262 1525
1490 1525
427 1526
1490 1526
259 1527
2652 1527
1490 1527
496 1528
2542 1528
1490 1528
1490 1529
2868 1530
1490 1530
2873 1531
1490 1531
2945 1532
1490 1532
1490 1533
2757 1534
1490 1534
47 1535
1490 1535
1490 1536
160 1537
2784 1537
1490 1537
1490 1538
1490 1539
331 1540
2524 1540
2908 1540
1490 1540
321 1541
183 1541
1490 1541
485 1542
1490 1542
216 1543
433 1543
1490 1543
1490 1544
115 1545
1490 1545
333 1546
1490 1546
317 1547
1490 1547
1490 1548
1490 1549
1490 1550
471 1551
422 1551
2543 1551
1490 1551
46 1552
2983 1552
1490 1552
1490 1553
2590 1554
1490 1554
50 1555
1490 1555
1490 1556
1490 1557
2711 1558
1490 1558
1490 1559
25 1560
1490 1560
1490 1561
254 1562
1490 1562
2706 1563
1490 1563
2861 1564
2918 1564
2844 1564
1490 1564
480 1565
1490 1565
2926 1566
1490 1566
2729 1567
1490 1567
318 1568
212 1568
2930 1568
1490 1568
2690 1569
1490 1569
288 1570
2830 1570
2652 1570
1490 1570
46 1571
2583 1571
1490 1571
187 1572
381 1572
1490 1572
363 1573
226 1573
2870 1573
1490 1573
2866 1574
2730 1574
2616 1574
1490 1574
488 1575
460 1575
1490 1575
31 1576
2511 1576
1490 1576
2532 1577
2697 1577
1490 1577
395 1578
2510 1578
1490 1578
449 1579
1490 1579
2891 1580
1490 1580
2944 1581
2795 1581
1490 1581
271 1582
1490 1582
189 1583
1490 1583
283 1584
2527 1584
2772 1584
1490 1584
419 1585
1490 1585
361 1586
1490 1586
1490 1587
26 1588
394 1588
1490 1588
1490 1589
251 1590
1490 1590
424 1591
2515 1591
1490 1591
2577 1592
2901 1592
1490 1592
1490 1593
1490 1594
286 1595
1490 1595
2610 1596
1490 1596
472 1597
327 1597
443 1597
1490 1597
2534 1598
1490 1598
1490 1599
1490 1600
445 1601
2684 1601
1490 1601
2499 1602
1490 1602
1490 1603
350 1604
64 1604
7 1604
1490 1604
472 1605
1490 1605
2889 1606
1490 1606
1490 1607
1490 1608
1490 1609
1490 1610
1490 1611
229 1612
1490 1612
1490 1613
1490 1614
303 1615
1490 1615
226 1616
1490 1616
1490 1617
2844 1618
1490 1618
1490 1619
2959 1620
1490 1620
2888 1621
1490 1621
257 1622
2713 1622
1490 1622
256 1623
1490 1623
1490 1624
1490 1625
1490 1626
343 1627
129 1627
28 1627
1490 1627
2876 1628
2690 1628
1490 1628
138 1629
2516 1629
2785 1629
1490 1629
473 1630
1490 1630
1490 1631
2743 1632
1490 1632
2629 1633
1490 1633
1490 1634
1490 1635
1490 1636
2554 1637
1490 1637
278 1638
1490 1638
2621 1639
1490 1639
2768 1640
1490 1640
1490 1641
1490 1642
371 1643
176 1643
2946 1643
1490 1643
1490 1644
2879 1645
1490 1645
449 1646
2746 1646
1490 1646
2886 1647
1490 1647
1490 1648
2884 1649
2549 1649
2723 1649
1490 1649
2790 1650
1490 1650
290 1651
89 1651
1490 1651
1490 1652
290 1653
110 1653
1490 1653
41 1654
2700 1654
1490 1654
2948 1655
1490 1655
461 1656
1490 1656
1490 1657
1490 1658
1490 1659
1490 1660
1490 1661
1490 1662
2723 1663
1490 1663
1490 1664
1490 1665
249 1666
2685 1666
1490 1666
154 1667
2706 1667
1490 1667
1490 1668
2582 1669
2939 1669
1490 1669
352 1670
313 1670
1490 1670
5 1671
4 1671
2907 1671
1490 1671
2752 1672
1490 1672
30 1673
2901 1673
1490 1673
1490 1674
1490 1675
1490 1676
392 1677
1490 1677
1490 1678
2867 1679
1490 1679
496 1680
1490 1680
440 1681
1490 1681
1490 1682
1490 1683
332 1684
1490 1684
325 1685
1490 1685
279 1686
1490 1686
23 1687
1490 1687
157 1688
1490 1688
158 1689
221 1689
1490 1689
1490 1690
1490 1691
271 1692
2962 1692
2533 1692
1490 1692
2839 1693
1490 1693
2551 1694
2709 1694
1490 1694
2748 1695
2865 1695
1490 1695
1490 1696
431 1697
1490 1697
39 1698
1490 1698
1490 1699
440 1700
1490 1700
20 1701
390 1701
1490 1701
2913 1702
1490 1702
1490 1703
2597 1704
1490 1704
2970 1705
1490 1705
1490 1706
95 1707
132 1707
1490 1707
2644 1708
2513 1708
1490 1708
209 1709
18 1709
1490 1709
205 1710
1490 1710
2920 1711
1490 1711
117 1712
169 1712
2674 1712
1490 1712
317 1713
1490 1713
2847 1714
1490 1714
386 1715
1490 1715
1490 1716
452 1717
2815 1717
1490 1717
1490 1718
1490 1719
1490 1720
1490 1721
38 1722
1490 1722
2879 1723
1490 1723
2496 1724
1490 1724
1490 1725
1490 1726
348 1727
2947 1727
1490 1727
2720 1728
1490 1728
1490 1729
2552 1730
2702 1730
1490 1730
207 1731
1490 1731
2906 1732
1490 1732
116 1733
2853 1733
1490 1733
483 1734
2548 1734
1490 1734
1490 1735
2631 1736
2694 1736
1490 1736
1490 1737
140 1738
1490 1738
2700 1739
1490 1739
363 1740
1490 1740
2606 1741
1490 1741
143 1742
2498 1742
1490 1742
215 1743
2628 1743
2694 1743
2837 1743
1490 1743
1490 1744
1490 1745
109 1746
1490 1746
15 1747
1490 1747
491 1748
1490 1748
161 1749
1490 1749
2952 1750
2955 1750
1490 1750
1490 1751
1490 1752
241 1753
2764 1753
1490 1753
1490 1754
1490 1755
1490 1756
432 1757
2602 1757
1490 1757
251 1758
1490 1758
1490 1759
2774 1760
1490 1760
2740 1761
1490 1761
1490 1762
1490 1763
1490 1764
1490 1765
1490 1766
2904 1767
2987 1767
2745 1767
2828 1767
1490 1767
175 1768
2950 1768
1490 1768
1490 1769
1490 1770
430 1771
2823 1771
1490 1771
1490 1772
121 1773
244 1773
2749 1773
1490 1773
213 1774
1490 1774
338 1775
53 1775
2512 1775
1490 1775
108 1776
2747 1776
1490 1776
38 1777
2970 1777
1490 1777
1490 1778
103 1779
47 1779
1490 1779
1490 1780
1490 1781
2715 1782
1490 1782
2893 1783
1490 1783
2856 1784
1490 1784
474 1785
1490 1785
2929 1786
1490 1786
347 1787
1490 1787
1490 1788
1490 1789
323 1790
1490 1790
161 1791
1490 1791
88 1792
274 1792
2598 1792
1490 1792
2949 1793
1490 1793
2503 1794
1490 1794
60 1795
1490 1795
196 1796
1490 1796
2812 1797
2738 1797
1490 1797
2974 1798
1490 1798
2798 1799
1490 1799
1490 1800
2799 1801
1490 1801
14 1802
252 1802
1490 1802
497 1803
1490 1803
272 1804
2841 1804
1490 1804
81 1805
1490 1805
468 1806
1490 1806
8 1807
175 1807
1490 1807
1490 1808
168 1809
1490 1809
2536 1810
2544 1810
1490 1810
1490 1811
2885 1812
1490 1812
118 1813
2628 1813
2761 1813
1490 1813
2535 1814
1490 1814
1490 1815
198 1816
1490 1816
1490 1817
1490 1818
1490 1819
2660 1820
1490 1820
2734 1821
1490 1821
459 1822
1490 1822
2578 1823
1490 1823
202 1824
1490 1824
324 1825
2828 1825
1490 1825
2928 1826
1490 1826
309 1827
1490 1827
1490 1828
2570 1829
1490 1829
268 1830
2663 1830
1490 1830
308 1831
2820 1831
1490 1831
2815 1832
2854 1832
1490 1832
2737 1833
2597 1833
2908 1833
1490 1833
196 1834
382 1834
1490 1834
1490 1835
421 1836
233 1836
2850 1836
2688 1836
1490 1836
348 1837
239 1837
1490 1837
85 1838
2712 1838
1490 1838
2857 1839
1490 1839
2949 1840
2860 1840
1490 1840
1490 1841
22 1842
1490 1842
202 1843
2605 1843
1490 1843
2885 1844
1490 1844
471 1845
245 1845
1490 1845
1490 1846
1490 1847
1490 1848
279 1849
1490 1849
497 1850
2899 1850
2778 1850
1490 1850
1490 1851
37 1852
1490 1852
234 1853
2830 1853
2710 1853
1490 1853
240 1854
1490 1854
21 1855
2945 1855
1490 1855
171 1856
1490 1856
2982 1857
1490 1857
1490 1858
92 1859
266 1859
262 1859
1490 1859
1490 1860
1490 1861
16 1862
1490 1862
2823 1863
1490 1863
1490 1864
1490 1865
1490 1866
1490 1867
52 1868
1490 1868
1490 1869
2968 1870
2794 1870
1490 1870
1490 1871
1490 1872
1490 1873
1490 1874
1490 1875
1490 1876
1490 1877
2727 1878
2527 1878
1490 1878
2573 1879
2946 1879
1490 1879
1490 1880
2525 1881
1490 1881
1490 1882
2915 1883
2536 1883
1490 1883
364 1884
2537 1884
1490 1884
2812 1885
1490 1885
65 1886
2578 1886
2846 1886
2683 1886
1490 1886
2757 1887
1490 1887
1490 1888
101 1889
192 1889
1490 1889
1490 1890
1490 1891
151 1892
256 1892
1490 1892
2745 1893
2986 1893
2707 1893
1490 1893
2696 1894
1490 1894
2764 1895
1490 1895
2816 1896
1490 1896
328 1897
200 1897
1490 1897
240 1898
370 1898
2541 1898
1490 1898
289 1899
234 1899
153 1899
2732 1899
1490 1899
2917 1900
2862 1900
1490 1900
49 1901
1490 1901
452 1902
384 1902
425 1902
1490 1902
1490 1903
2890 1904
1490 1904
96 1905
1490 1905
490 1906
2857 1906
1490 1906
1490 1907
1490 1908
2668 1909
1490 1909
1490 1910
92 1911
1490 1911
56 1912
2837 1912
1490 1912
144 1913
379 1913
1490 1913
2689 1914
1490 1914
2568 1915
1490 1915
1490 1916
1490 1917
1490 1918
273 1919
30 1919
2863 1919
2778 1919
1490 1919
1490 1920
2795 1921
1490 1921
2948 1922
1490 1922
1490 1923
1490 1924
2631 1925
1490 1925
1490 1926
238 1927
396 1927
2934 1927
1490 1927
2737 1928
1490 1928
2777 1929
1490 1929
423 1930
1490 1930
1490 1931
168 1932
1490 1932
1490 1933
220 1934
1490 1934
315 1935
2870 1935
2522 1935
1490 1935
1490 1936
1490 1937
1490 1938
316 1939
1490 1939
1490 1940
53 1941
2736 1941
1490 1941
1490 1942
1490 1943
1490 1944
1490 1945
2806 1946
1490 1946
1490 1947
1490 1948
1490 1949
344 1950
157 1950
2813 1950
1490 1950
2639 1951
1490 1951
297 1952
82 1952
2617 1952
1490 1952
2673 1953
2593 1953
2818 1953
1490 1953
1490 1954
361 1955
190 1955
1490 1955
1490 1956
460 1957
69 1957
193 1957
1490 1957
292 1958
2832 1958
1490 1958
1490 1959
2911 1960
1490 1960
1490 1961
125 1962
1490 1962
2939 1963
1490 1963
2568 1964
1490 1964
2715 1965
2910 1965
1490 1965
1490 1966
1490 1967
1490 1968
159 1969
1490 1969
1490 1970
2619 1971
1490 1971
415 1972
1490 1972
486 1973
338 1973
1490 1973
1490 1974
2661 1975
2838 1975
1490 1975
288 1976
2506 1976
1490 1976
2817 1977
1490 1977
1490 1978
254 1979
1490 1979
189 1980
1490 1980
335 1981
1490 1981
1490 1982
2565 1983
1490 1983
2614 1984
1490 1984
2923 1985
1490 1985
66 1986
2650 1986
1490 1986
1490 1987
284 1988
1490 1988
1490 1989
250 1990
2826 1990
1490 1990
2657 1991
2502 1991
1490 1991
2872 1992
1490 1992
237 1993
2551 1993
1490 1993
17 1994
1490 1994
2910 1995
1490 1995
1490 1996
2730 1997
1490 1997
1490 1998
1490 1999
109 2000
2663 2000
2725 2000
1490 2000
2647 2001
1490 2001
293 2002
2963 2002
1490 2002
296 2003
2566 2003
1490 2003
2955 2004
1490 2004
72 2005
2768 2005
1490 2005
2839 2006
1490 2006
111 2007
2544 2007
1490 2007
1490 2008
494 2009
1490 2009
295 2010
2820 2010
1490 2010
51 2011
1490 2011
27 2012
257 2012
98 2012
1490 2012
272 2013
2497 2013
1490 2013
2755 2014
1490 2014
403 2015
1490 2015
1490 2016
378 2017
1490 2017
1490 2018
1490 2019
1490 2020
1490 2021
123 2022
2943 2022
1490 2022
1490 2023
2977 2024
1490 2024
2679 2025
2876 2025
1490 2025
1490 2026
2799 2027
2966 2027
1490 2027
136 2028
2590 2028
1490 2028
2691 2029
1490 2029
1490 2030
305 2031
1490 2031
375 2032
2804 2032
1490 2032
1490 2033
242 2034
21 2034
2974 2034
1490 2034
1490 2035
1490 2036
1490 2037
113 2038
357 2038
1490 2038
320 2039
424 2039
242 2039
2674 2039
1490 2039
2869 2040
1490 2040
206 2041
2947 2041
2635 2041
1490 2041
1490 2042
2630 2043
1490 2043
2548 2044
1490 2044
1490 2045
437 2046
1490 2046
2849 2047
1490 2047
97 2048
103 2048
1490 2048
469 2049
181 2049
2767 2049
1490 2049
1490 2050
71 2051
45 2051
1490 2051
285 2052
2625 2052
1490 2052
1490 2053
2606 2054
1490 2054
222 2055
292 2055
1490 2055
201 2056
1490 2056
203 2057
1490 2057
236 2058
1490 2058
2664 2059
2804 2059
1490 2059
2889 2060
2707 2060
1490 2060
25 2061
406 2061
1490 2061
1490 2062
1490 2063
1490 2064
420 2065
2726 2065
1490 2065
340 2066
1490 2066
423 2067
327 2067
1490 2067
282 2068
1490 2068
48 2069
1490 2069
1490 2070
1490 2071
1490 2072
426 2073
1490 2073
1490 2074
1490 2075
1490 2076
1490 2077
131 2078
59 2078
1490 2078
1490 2079
476 2080
1490 2080
233 2081
2605 2081
1490 2081
1490 2082
2881 2083
1490 2083
1490 2084
1490 2085
1490 2086
441 2087
1490 2087
1490 2088
2538 2089
1490 2089
2877 2090
1490 2090
106 2091
2952 2091
1490 2091
369 2092
398 2092
1490 2092
158 2093
88 2093
2621 2093
2528 2093
1490 2093
425 2094
1490 2094
1490 2095
313 2096
2841 2096
1490 2096
1490 2097
2995 2098
2967 2098
2902 2098
1490 2098
1490 2099
223 2100
264 2100
1490 2100
2818 2101
1490 2101
2740 2102
1490 2102
2897 2103
1490 2103
474 2104
1490 2104
393 2105
102 2105
132 2105
1490 2105
349 2106
1490 2106
2619 2107
1490 2107
1490 2108
1490 2109
394 2110
73 2110
1490 2110
1490 2111
419 2112
1490 2112
1490 2113
2905 2114
1490 2114
266 2115
60 2115
2836 2115
2521 2115
1490 2115
1490 2116
10 2117
1490 2117
203 2118
214 2118
1490 2118
2883 2119
1490 2119
218 2120
1490 2120
268 2121
2550 2121
1490 2121
2571 2122
1490 2122
2682 2123
1490 2123
1490 2124
2608 2125
2972 2125
1490 2125
2867 2126
1490 2126
2656 2127
1490 2127
2789 2128
1490 2128
207 2129
1490 2129
309 2130
2763 2130
2904 2130
2692 2130
1490 2130
1490 2131
1490 2132
1490 2133
1490 2134
16 2135
1490 2135
198 2136
1490 2136
1490 2137
244 2138
2777 2138
1490 2138
494 2139
2499 2139
1490 2139
2969 2140
1490 2140
1490 2141
1490 2142
2599 2143
2925 2143
1490 2143
2791 2144
1490 2144
1490 2145
1490 2146
2500 2147
1490 2147
160 2148
2958 2148
1490 2148
41 2149
2814 2149
1490 2149
491 2150
2565 2150
2713 2150
2861 2150
1490 2150
283 2151
125 2151
1490 2151
123 2152
1490 2152
1490 2153
2603 2154
1490 2154
2918 2155
1490 2155
462 2156
384 2156
1490 2156
1490 2157
1490 2158
2599 2159
1490 2159
153 2160
22 2160
1490 2160
482 2161
349 2161
1490 2161
1490 2162
395 2163
1490 2163
2612 2164
1490 2164
1490 2165
1490 2166
1490 2167
230 2168
1490 2168
414 2169
1490 2169
134 2170
2794 2170
2692 2170
1490 2170
289 2171
2547 2171
1490 2171
2916 2172
1490 2172
482 2173
2917 2173
1490 2173
173 2174
1490 2174
450 2175
2538 2175
1490 2175
336 2176
1490 2176
2767 2177
1490 2177
417 2178
1490 2178
356 2179
2623 2179
1490 2179
274 2180
2765 2180
1490 2180
1490 2181
1490 2182
220 2183
94 2183
2743 2183
1490 2183
446 2184
2793 2184
1490 2184
225 2185
1490 2185
1490 2186
1490 2187
44 2188
1490 2188
28 2189
413 2189
1490 2189
1490 2190
229 2191
209 2191
143 2191
210 2191
2662 2191
2907 2191
1490 2191
1490 2192
429 2193
1490 2193
492 2194
24 2194
2535 2194
1490 2194
2744 2195
2612 2195
1490 2195
432 2196
1490 2196
409 2197
1490 2197
2894 2198
2784 2198
1490 2198
2603 2199
1490 2199
1490 2200
1490 2201
56 2202
261 2202
2650 2202
2566 2202
1490 2202
2865 2203
1490 2203
1490 2204
1490 2205
42 2206
199 2206
1490 2206
138 2207
1490 2207
1490 2208
1490 2209
451 2210
206 2210
1490 2210
1490 2211
1490 2212
431 2213
1490 2213
85 2214
2553 2214
2814 2214
1490 2214
2836 2215
1490 2215
205 2216
1490 2216
2772 2217
1490 2217
318 2218
330 2218
1490 2218
176 2219
1490 2219
139 2220
1490 2220
2586 2221
1490 2221
2944 2222
1490 2222
366 2223
1490 2223
117 2224
1490 2224
365 2225
1490 2225
82 2226
1490 2226
1490 2227
35 2228
2843 2228
2564 2228
1490 2228
121 2229
265 2229
195 2229
1490 2229
2940 2230
1490 2230
1490 2231
1490 2232
1490 2233
475 2234
1490 2234
1490 2235
466 2236
8 2236
1490 2236
2750 2237
1490 2237
382 2238
1490 2238
2 2239
314 2239
2988 2239
2808 2239
1490 2239
334 2240
1490 2240
483 2241
2941 2241
1490 2241
1490 2242
371 2243
1490 2243
1490 2244
2797 2245
1490 2245
2635 2246
2658 2246
1490 2246
1490 2247
1490 2248
1490 2249
1490 2250
445 2251
1490 2251
7 2252
2552 2252
1490 2252
236 2253
1490 2253
458 2254
1490 2254
1490 2255
2811 2256
1490 2256
345 2257
2921 2257
1490 2257
1490 2258
2989 2259
1490 2259
2932 2260
1490 2260
2824 2261
1490 2261
141 2262
1490 2262
1490 2263
383 2264
2909 2264
2786 2264
1490 2264
387 2265
2964 2265
1490 2265
1490 2266
1490 2267
1490 2268
1490 2269
258 2270
1490 2270
489 2271
27 2271
1490 2271
11 2272
1490 2272
2668 2273
1490 2273
357 2274
2758 2274
1490 2274
416 2275
1490 2275
1490 2276
427 2277
1490 2277
50 2278
448 2278
1490 2278
83 2279
1490 2279
1490 2280
1490 2281
1490 2282
1490 2283
1490 2284
260 2285
2863 2285
1490 2285
2771 2286
1490 2286
1490 2287
1490 2288
3 2289
1490 2289
1490 2290
24 2291
1490 2291
1490 2292
2779 2293
1490 2293
2732 2294
2586 2294
2897 2294
1490 2294
375 2295
276 2295
1490 2295
2779 2296
2570 2296
1490 2296
1490 2297
1490 2298
1490 2299
2629 2300
1490 2300
1490 2301
1490 2302
1490 2303
2843 2304
1490 2304
2627 2305
2786 2305
1490 2305
96 2306
2800 2306
1490 2306
15 2307
1490 2307
355 2308
1490 2308
2816 2309
1490 2309
2742 2310
1490 2310
2622 2311
2695 2311
2689 2311
2632 2311
1490 2311
1490 2312
1490 2313
1490 2314
411 2315
2495 2315
1490 2315
417 2316
2902 2316
2774 2316
1490 2316
1490 2317
2638 2318
1490 2318
1490 2319
301 2320
2763 2320
2913 2320
2670 2320
1490 2320
120 2321
235 2321
326 2321
1490 2321
1490 2322
407 2323
2729 2323
2807 2323
1490 2323
2798 2324
1490 2324
167 2325
2911 2325
1490 2325
1490 2326
91 2327
296 2327
1490 2327
454 2328
1490 2328
232 2329
1490 2329
1490 2330
383 2331
42 2331
1490 2331
2647 2332
1490 2332
451 2333
1490 2333
1490 2334
2991 2335
2596 2335
1490 2335
1490 2336
1490 2337
65 2338
1490 2338
444 2339
2725 2339
1490 2339
187 2340
1490 2340
2627 2341
1490 2341
1490 2342
1490 2343
74 2344
2617 2344
1490 2344
319 2345
1490 2345
1490 2346
63 2347
1490 2347
1490 2348
1490 2349
2895 2350
1490 2350
2611 2351
2517 2351
2691 2351
1490 2351
447 2352
1490 2352
1490 2353
1490 2354
208 2355
1490 2355
2580 2356
1490 2356
129 2357
131 2357
1490 2357
1490 2358
2802 2359
1490 2359
3 2360
1490 2360
1490 2361
1490 2362
1490 2363
2895 2364
1490 2364
2673 2365
1490 2365
1490 2366
126 2367
345 2367
2534 2367
1490 2367
2666 2368
1490 2368
1490 2369
1490 2370
2976 2371
1490 2371
2701 2372
1490 2372
237 2373
2558 2373
1490 2373
466 2374
392 2374
372 2374
2658 2374
1490 2374
127 2375
366 2375
2906 2375
1490 2375
1490 2376
2611 2377
1490 2377
1490 2378
447 2379
2513 2379
2862 2379
1490 2379
33 2380
2803 2380
1490 2380
102 2381
1490 2381
1490 2382
1490 2383
2632 2384
2577 2384
1490 2384
1490 2385
2782 2386
2760 2386
1490 2386
150 2387
2533 2387
1490 2387
170 2388
1490 2388
139 2389
1490 2389
1490 2390
1490 2391
2741 2392
1490 2392
105 2393
2995 2393
2497 2393
1490 2393
14 2394
1490 2394
488 2395
235 2395
326 2395
77 2395
1490 2395
18 2396
2803 2396
1490 2396
2656 2397
2758 2397
1490 2397
1490 2398
1490 2399
1490 2400
1490 2401
2925 2402
1490 2402
1490 2403
2838 2404
2850 2404
1490 2404
1490 2405
2524 2406
1490 2406
381 2407
253 2407
165 2407
1490 2407
110 2408
1490 2408
130 2409
2808 2409
2898 2409
1490 2409
492 2410
411 2410
2660 2410
2953 2410
1490 2410
446 2411
2657 2411
1490 2411
1490 2412
306 2413
2936 2413
2755 2413
1490 2413
336 2414
1490 2414
2875 2415
2618 2415
1490 2415
442 2416
2833 2416
1490 2416
1490 2417
171 2418
1490 2418
2664 2419
1490 2419
1490 2420
2515 2421
1490 2421
238 2422
393 2422
239 2422
1490 2422
2833 2423
1490 2423
1490 2424
2893 2425
2604 2425
1490 2425
87 2426
2591 2426
1490 2426
443 2427
94 2427
1490 2427
1490 2428
2990 2429
1490 2429
192 2430
1490 2430
44 2431
1490 2431
2526 2432
1490 2432
1490 2433
1490 2434
1490 2435
1490 2436
1490 2437
379 2438
1490 2438
58 2439
2782 2439
1490 2439
2960 2440
1490 2440
1490 2441
26 2442
2582 2442
1490 2442
1490 2443
341 2444
2792 2444
2807 2444
1490 2444
339 2445
107 2445
1490 2445
331 2446
2934 2446
2773 2446
1490 2446
2992 2447
1490 2447
1490 2448
1490 2449
1490 2450
1490 2451
2760 2452
1490 2452
36 2453
1490 2453
469 2454
2813 2454
1490 2454
273 2455
1490 2455
1490 2456
1490 2457
64 2458
448 2458
2681 2458
1490 2458
166 2459
400 2459
1490 2459
2622 2460
1490 2460
2520 2461
1490 2461
2503 2462
2931 2462
1490 2462
429 2463
1490 2463
210 2464
2547 2464
1490 2464
1490 2465
74 2466
2733 2466
1490 2466
1490 2467
301 2468
1490 2468
1490 2469
374 2470
1490 2470
10 2471
1490 2471
477 2472
73 2472
1490 2472
2750 2473
1490 2473
2968 2474
1490 2474
334 2475
2712 2475
2543 2475
1490 2475
1490 2476
105 2477
1490 2477
297 2478
2990 2478
1490 2478
1490 2479
1490 2480
1490 2481
34 2482
1490 2482
186 2483
116 2483
2572 2483
1490 2483
183 2484
35 2484
89 2484
91 2484
1490 2484
1490 2485
213 2486
2581 2486
2984 2486
1490 2486
315 2487
2742 2487
1490 2487
111 2488
2797 2488
1490 2488
433 2489
1490 2489
166 2490
1490 2490
1490 2491
1490 2492
1490 2493
1493 2494
1492 2494
1398 2495
666 2495
1483 2495
959 2495
804 2495
803 2495
577 2495
1084 2495
1491 2495
1047 2496
1204 2496
867 2496
1437 2496
841 2496
1126 2496
1491 2496
735 2497
571 2497
1086 2497
928 2497
1061 2497
1156 2497
860 2497
1491 2497
550 2498
983 2498
638 2498
672 2498
1195 2498
1491 2498
634 2499
1153 2499
783 2499
933 2499
726 2499
1143 2499
1491 2499
917 2500
841 2500
1358 2500
1491 2500
512 2501
692 2501
908 2501
1491 2501
653 2502
965 2502
936 2502
1401 2502
1092 2502
1441 2502
756 2502
1491 2502
728 2503
1350 2503
726 2503
1491 2503
792 2504
1065 2504
1075 2504
658 2504
558 2504
1491 2504
884 2505
680 2505
1438 2505
690 2505
1241 2505
1133 2505
1334 2505
1491 2505
503 2506
1290 2506
988 2506
590 2506
1491 2506
539 2507
710 2507
1270 2507
1232 2507
1431 2507
658 2507
1491 2507
1231 2508
622 2508
844 2508
1362 2508
659 2508
1069 2508
1204 2508
1491 2508
861 2509
857 2509
987 2509
1491 2509
982 2510
1073 2510
1290 2510
1271 2510
893 2510
1246 2510
692 2510
1491 2510
1355 2511
1469 2511
1462 2511
863 2511
1032 2511
1491 2511
1346 2512
970 2512
611 2512
717 2512
516 2512
1491 2512
797 2513
846 2513
873 2513
1322 2513
1102 2513
803 2513
1491 2513
991 2514
1031 2514
1325 2514
1458 2514
1190 2514
1175 2514
1108 2514
1491 2514
1173 2515
892 2515
1093 2515
651 2515
1491 2515
610 2516
1232 2516
770 2516
1075 2516
883 2516
1491 2516
1413 2517
629 2517
751 2517
959 2517
1030 2517
1491 2517
702 2518
1321 2518
1485 2518
534 2518
1270 2518
879 2518
598 2518
1491 2518
1312 2519
935 2519
1256 2519
1491 2519
750 2520
1044 2520
879 2520
1491 2520
1100 2521
1071 2521
695 2521
909 2521
714 2521
1467 2521
1250 2521
568 2521
1491 2521
656 2522
1468 2522
1379 2522
1289 2522
734 2522
1491 2522
520 2523
640 2523
1051 2523
921 2523
532 2523
1093 2523
1228 2523
654 2523
1491 2523
575 2524
1351 2524
1316 2524
1402 2524
533 2524
1097 2524
1491 2524
894 2525
1280 2525
1149 2525
604 2525
1000 2525
1491 2525
540 2526
1185 2526
1345 2526
1039 2526
557 2526
1491 2526
1372 2527
1085 2527
753 2527
1112 2527
1395 2527
989 2527
1491 2527
1437 2528
527 2528
1073 2528
517 2528
858 2528
1051 2528
1091 2528
1491 2528
688 2529
718 2529
1171 2529
1235 2529
1491 2529
638 2530
794 2530
1131 2530
725 2530
1030 2530
1491 2530
877 2531
589 2531
1437 2531
1119 2531
1246 2531
1156 2531
668 2531
1161 2531
1491 2531
1226 2532
715 2532
560 2532
527 2532
1489 2532
1491 2532
955 2533
1182 2533
1092 2533
1360 2533
1032 2533
597 2533
1122 2533
1491 2533
1260 2534
1033 2534
849 2534
1365 2534
1264 2534
935 2534
1319 2534
591 2534
1491 2534
948 2535
675 2535
610 2535
1491 2535
935 2536
920 2536
1199 2536
603 2536
1394 2536
1491 2536
735 2537
928 2537
1290 2537
1491 2537
599 2538
971 2538
931 2538
1491 2538
814 2539
976 2539
612 2539
766 2539
885 2539
1491 2539
1046 2540
599 2540
1387 2540
679 2540
1196 2540
1491 2540
735 2541
1359 2541
888 2541
520 2541
1491 2541
954 2542
659 2542
512 2542
1119 2542
1491 2542
1401 2543
499 2543
1369 2543
1491 2543
1136 2544
1457 2544
575 2544
1491 2544
827 2545
1392 2545
1395 2545
842 2545
994 2545
727 2545
1491 2545
921 2546
608 2546
915 2546
968 2546
1246 2546
1190 2546
1491 2546
1365 2547
1043 2547
1436 2547
829 2547
1491 2547
793 2548
505 2548
552 2548
563 2548
1479 2548
1166 2548
522 2548
1129 2548
1491 2548
949 2549
1020 2549
700 2549
1353 2549
902 2549
1489 2549
1491 2549
1286 2550
1091 2550
1486 2550
1220 2550
1012 2550
1487 2550
1491 2550
1298 2551
1028 2551
759 2551
1491 2551
1109 2552
1396 2552
1068 2552
670 2552
1053 2552
1071 2552
564 2552
660 2552
1491 2552
927 2553
640 2553
1061 2553
1415 2553
590 2553
1491 2553
1091 2554
583 2554
739 2554
1491 2554
632 2555
970 2555
1195 2555
704 2555
1149 2555
930 2555
1491 2555
1239 2556
1334 2556
1085 2556
907 2556
1116 2556
578 2556
1032 2556
733 2556
1491 2556
1188 2557
685 2557
1357 2557
1491 2557
895 2558
1186 2558
666 2558
1322 2558
600 2558
1442 2558
621 2558
1000 2558
1491 2558
1197 2559
1167 2559
1475 2559
1283 2559
1491 2559
1448 2560
1334 2560
1277 2560
989 2560
1491 2560
1332 2561
681 2561
1004 2561
1491 2561
1365 2562
601 2562
1113 2562
742 2562
1074 2562
1063 2562
1491 2562
584 2563
1235 2563
1251 2563
1491 2563
877 2564
893 2564
860 2564
795 2564
1491 2564
1118 2565
1390 2565
1023 2565
1491 2565
859 2566
1176 2566
620 2566
679 2566
730 2566
515 2566
1182 2566
1491 2566
1298 2567
725 2567
634 2567
545 2567
1149 2567
1262 2567
1141 2567
1491 2567
844 2568
1086 2568
841 2568
708 2568
590 2568
1491 2568
564 2569
1153 2569
764 2569
1208 2569
1491 2569
1070 2570
1342 2570
1444 2570
1138 2570
1414 2570
1491 2570
1043 2571
906 2571
1174 2571
1491 2571
1452 2572
1376 2572
978 2572
1117 2572
711 2572
1003 2572
1491 2572
772 2573
1259 2573
781 2573
1491 2573
618 2574
792 2574
1386 2574
1024 2574
1491 2574
1368 2575
1154 2575
592 2575
666 2575
1491 2575
769 2576
1483 2576
652 2576
886 2576
1280 2576
1275 2576
1020 2576
551 2576
1491 2576
769 2577
1212 2577
1229 2577
564 2577
1335 2577
697 2577
873 2577
625 2577
1491 2577
1166 2578
521 2578
1049 2578
772 2578
1419 2578
996 2578
1491 2578
563 2579
614 2579
1162 2579
1242 2579
1200 2579
1310 2579
754 2579
1491 2579
1300 2580
1409 2580
1458 2580
1226 2580
512 2580
739 2580
640 2580
1026 2580
1491 2580
1357 2581
1153 2581
886 2581
938 2581
1191 2581
1078 2581
1491 2581
564 2582
1251 2582
1442 2582
1391 2582
1467 2582
1491 2582
1349 2583
957 2583
852 2583
682 2583
676 2583
947 2583
1428 2583
1240 2583
1491 2583
1017 2584
1296 2584
550 2584
1171 2584
1082 2584
779 2584
1491 2584
869 2585
1242 2585
972 2585
1174 2585
1106 2585
1310 2585
1491 2585
1339 2586
1224 2586
1232 2586
1140 2586
710 2586
588 2586
750 2586
1491 2586
710 2587
1140 2587
1470 2587
993 2587
1491 2587
781 2588
635 2588
1148 2588
1166 2588
1310 2588
1491 2588
1317 2589
843 2589
1375 2589
777 2589
1162 2589
1310 2589
1332 2589
1491 2589
584 2590
718 2590
938 2590
1202 2590
636 2590
794 2590
1491 2590
1120 2591
900 2591
781 2591
1491 2591
734 2592
1462 2592
1420 2592
995 2592
756 2592
1239 2592
1032 2592
776 2592
1491 2592
1454 2593
628 2593
1060 2593
501 2593
838 2593
984 2593
518 2593
711 2593
1491 2593
1265 2594
1272 2594
1399 2594
1262 2594
1005 2594
769 2594
951 2594
1491 2594
1485 2595
1321 2595
1302 2595
1491 2595
707 2596
691 2596
539 2596
1491 2596
1266 2597
1451 2597
862 2597
1491 2597
1221 2598
1174 2598
869 2598
1489 2598
1491 2598
720 2599
1284 2599
1445 2599
954 2599
1458 2599
1091 2599
858 2599
1491 2599
1426 2600
853 2600
731 2600
1491 2600
995 2601
733 2601
513 2601
937 2601
1471 2601
693 2601
1180 2601
1060 2601
1491 2601
972 2602
1256 2602
1293 2602
1489 2602
1491 2602
1291 2603
581 2603
600 2603
952 2603
766 2603
638 2603
924 2603
1491 2603
841 2604
876 2604
830 2604
1491 2604
1445 2605
1371 2605
520 2605
1491 2605
667 2606
694 2606
1449 2606
930 2606
721 2606
1357 2606
1491 2606
650 2607
1198 2607
1245 2607
774 2607
730 2607
1491 2607
1015 2608
1448 2608
1081 2608
1370 2608
1491 2608
1323 2609
1017 2609
805 2609
1399 2609
1229 2609
813 2609
1096 2609
1472 2609
1491 2609
1014 2610
510 2610
856 2610
951 2610
717 2610
728 2610
1491 2610
748 2611
1167 2611
989 2611
648 2611
1138 2611
1089 2611
1048 2611
1491 2611
1029 2612
1050 2612
1331 2612
1491 2612
1338 2613
732 2613
823 2613
1491 2613
742 2614
820 2614
1337 2614
1264 2614
1491 2614
1359 2615
922 2615
880 2615
1173 2615
1091 2615
915 2615
950 2615
1491 2615
689 2616
1261 2616
1144 2616
1257 2616
737 2616
895 2616
1491 2616
1343 2617
1390 2617
907 2617
1382 2617
1453 2617
1348 2617
1062 2617
1491 2617
803 2618
714 2618
1183 2618
1335 2618
1443 2618
1491 2618
828 2619
1268 2619
1088 2619
1171 2619
1213 2619
1267 2619
804 2619
1363 2619
1491 2619
907 2620
713 2620
1477 2620
1349 2620
850 2620
1491 2620
1237 2621
1088 2621
834 2621
1053 2621
666 2621
1153 2621
1257 2621
1482 2621
1491 2621
1053 2622
514 2622
714 2622
1237 2622
1442 2622
1491 2622
1402 2623
896 2623
962 2623
731 2623
503 2623
623 2623
1491 2623
1088 2624
611 2624
1155 2624
718 2624
1028 2624
1189 2624
500 2624
1491 2624
1348 2625
965 2625
1023 2625
1491 2625
581 2626
638 2626
556 2626
953 2626
1237 2626
1298 2626
1491 2626
1385 2627
1203 2627
1001 2627
908 2627
1218 2627
1079 2627
1487 2627
1491 2627
1327 2628
1046 2628
696 2628
1285 2628
523 2628
851 2628
1491 2628
1184 2629
661 2629
1074 2629
985 2629
1491 2629
986 2630
979 2630
1264 2630
1200 2630
1491 2630
1181 2631
1021 2631
581 2631
1491 2631
1195 2632
1141 2632
787 2632
1489 2632
1491 2632
1353 2633
542 2633
685 2633
1491 2633
1418 2634
1410 2634
1346 2634
1353 2634
1132 2634
1059 2634
1491 2634
523 2635
619 2635
1003 2635
1491 2635
1454 2636
530 2636
1277 2636
1123 2636
984 2636
1382 2636
937 2636
1019 2636
1491 2636
1309 2637
1455 2637
503 2637
1139 2637
758 2637
928 2637
982 2637
893 2637
1491 2637
571 2638
560 2638
1450 2638
901 2638
1402 2638
762 2638
1491 2638
943 2639
759 2639
1181 2639
1020 2639
1461 2639
743 2639
1443 2639
546 2639
1491 2639
1086 2640
913 2640
847 2640
664 2640
659 2640
1358 2640
928 2640
892 2640
1491 2640
775 2641
964 2641
908 2641
569 2641
1095 2641
1491 2641
1010 2642
831 2642
513 2642
1471 2642
679 2642
1354 2642
1491 2642
519 2643
1260 2643
1120 2643
1282 2643
1491 2643
1411 2644
1247 2644
707 2644
534 2644
770 2644
558 2644
1491 2644
647 2645
1290 2645
668 2645
1252 2645
858 2645
1073 2645
1218 2645
917 2645
1491 2645
969 2646
519 2646
1419 2646
1106 2646
1491 2646
1383 2647
1473 2647
1468 2647
1491 2647
734 2648
753 2648
679 2648
857 2648
1133 2648
1355 2648
1185 2648
1491 2648
883 2649
596 2649
770 2649
992 2649
1050 2649
702 2649
534 2649
1491 2649
763 2650
1471 2650
547 2650
628 2650
1491 2650
716 2651
1282 2651
1356 2651
1199 2651
1491 2651
978 2652
701 2652
1477 2652
1338 2652
1032 2652
1019 2652
1491 2652
1250 2653
1027 2653
805 2653
1491 2653
882 2654
535 2654
1425 2654
1323 2654
1491 2654
1132 2655
621 2655
638 2655
1021 2655
1491 2655
1001 2656
1228 2656
840 2656
571 2656
795 2656
887 2656
893 2656
784 2656
1491 2656
811 2657
1039 2657
1428 2657
617 2657
1127 2657
1274 2657
1491 2657
1140 2658
1050 2658
1029 2658
948 2658
675 2658
1485 2658
1302 2658
1491 2658
1489 2659
1022 2659
1034 2659
1491 2659
765 2660
1119 2660
517 2660
560 2660
665 2660
848 2660
1220 2660
1281 2660
1491 2660
1050 2661
1485 2661
596 2661
1491 2661
681 2662
683 2662
716 2662
525 2662
1417 2662
1481 2662
1166 2662
752 2662
1491 2662
708 2663
1281 2663
627 2663
917 2663
1491 2663
959 2664
1299 2664
1418 2664
1322 2664
1078 2664
678 2664
1249 2664
555 2664
1491 2664
931 2665
557 2665
1475 2665
1134 2665
918 2665
1338 2665
944 2665
1491 2665
772 2666
1043 2666
910 2666
906 2666
1491 2666
1150 2667
1146 2667
1451 2667
816 2667
1491 2667
1201 2668
720 2668
1206 2668
1409 2668
1121 2668
896 2668
1491 2668
1251 2669
703 2669
1303 2669
1491 2669
519 2670
900 2670
521 2670
820 2670
1259 2670
615 2670
868 2670
1016 2670
1491 2670
509 2671
664 2671
1460 2671
964 2671
533 2671
647 2671
1491 2671
646 2672
1107 2672
790 2672
753 2672
1103 2672
1491 2672
1269 2673
1110 2673
1153 2673
1188 2673
721 2673
1491 2673
1128 2674
620 2674
1420 2674
1169 2674
836 2674
1491 2674
886 2675
592 2675
1189 2675
930 2675
1442 2675
736 2675
1491 2675
810 2676
971 2676
1342 2676
1081 2676
852 2676
1223 2676
1274 2676
1122 2676
1491 2676
1374 2677
554 2677
1292 2677
1164 2677
1491 2677
1047 2678
1156 2678
1026 2678
1491 2678
997 2679
721 2679
1326 2679
718 2679
797 2679
1491 2679
876 2680
1455 2680
991 2680
1491 2680
1395 2681
961 2681
907 2681
1076 2681
1491 2681
1285 2682
746 2682
530 2682
1277 2682
553 2682
677 2682
508 2682
1342 2682
1491 2682
552 2683
875 2683
793 2683
1319 2683
1304 2683
1491 2683
1384 2684
807 2684
982 2684
533 2684
686 2684
922 2684
1228 2684
1491 2684
952 2685
551 2685
1219 2685
1066 2685
1404 2685
1132 2685
1005 2685
1296 2685
1491 2685
874 2686
695 2686
1480 2686
1215 2686
1467 2686
1491 2686
1146 2687
995 2687
816 2687
1473 2687
1378 2687
1491 2687
1401 2688
1104 2688
1117 2688
1491 2688
1307 2689
1254 2689
923 2689
640 2689
1491 2689
1022 2690
596 2690
1485 2690
899 2690
770 2690
691 2690
1491 2690
973 2691
537 2691
1479 2691
1199 2691
1063 2691
1491 2691
919 2692
1346 2692
700 2692
1388 2692
924 2692
1491 2692
1370 2693
508 2693
1196 2693
1491 2693
1345 2694
809 2694
974 2694
1289 2694
582 2694
1491 2694
681 2695
1319 2695
849 2695
661 2695
563 2695
1365 2695
1419 2695
1491 2695
799 2696
651 2696
1458 2696
708 2696
896 2696
1487 2696
1300 2696
1069 2696
1491 2696
1213 2697
952 2697
1269 2697
1491 2697
846 2698
1135 2698
1186 2698
1491 2698
1039 2699
656 2699
1279 2699
1468 2699
669 2699
989 2699
1491 2699
810 2700
998 2700
1285 2700
987 2700
863 2700
1403 2700
553 2700
1491 2700
708 2701
1190 2701
1271 2701
1491 2701
653 2702
1125 2702
696 2702
1305 2702
947 2702
811 2702
528 2702
1491 2702
1386 2703
879 2703
1011 2703
1029 2703
1065 2703
934 2703
658 2703
1491 2703
1278 2704
1148 2704
1293 2704
935 2704
521 2704
1317 2704
1491 2704
1153 2705
561 2705
516 2705
872 2705
564 2705
930 2705
1021 2705
1491 2705
1170 2706
1262 2706
550 2706
1430 2706
1303 2706
699 2706
1491 2706
1321 2707
1302 2707
1050 2707
658 2707
1301 2707
1025 2707
1491 2707
1035 2708
1166 2708
671 2708
1293 2708
996 2708
1147 2708
1491 2708
806 2709
1475 2709
808 2709
1474 2709
833 2709
499 2709
1491 2709
1015 2710
693 2710
1274 2710
1412 2710
1116 2710
748 2710
1060 2710
609 2710
1491 2710
626 2711
1279 2711
1327 2711
1196 2711
1266 2711
738 2711
942 2711
650 2711
1491 2711
1308 2712
1332 2712
969 2712
741 2712
683 2712
1293 2712
979 2712
1491 2712
1232 2713
610 2713
1029 2713
702 2713
1301 2713
558 2713
1489 2713
1491 2713
662 2714
777 2714
1072 2714
1491 2714
1446 2715
797 2715
1066 2715
1491 2715
506 2716
722 2716
1179 2716
822 2716
500 2716
1491 2716
1337 2717
1049 2717
870 2717
1491 2717
761 2718
1472 2718
1100 2718
786 2718
1153 2718
531 2718
689 2718
1322 2718
1491 2718
1175 2719
1139 2719
1294 2719
1227 2719
921 2719
888 2719
1491 2719
1354 2720
1327 2720
998 2720
1400 2720
914 2720
1015 2720
673 2720
1491 2720
1348 2721
1019 2721
1105 2721
1491 2721
792 2722
1029 2722
558 2722
588 2722
1489 2722
1329 2722
1431 2722
1491 2722
660 2723
592 2723
1408 2723
655 2723
652 2723
1261 2723
1491 2723
1428 2724
1324 2724
1412 2724
1491 2724
1339 2725
1489 2725
1301 2725
1491 2725
1031 2726
1095 2726
708 2726
1491 2726
864 2727
1203 2727
954 2727
1374 2727
1491 2727
1304 2728
781 2728
875 2728
1049 2728
777 2728
939 2728
1491 2728
1092 2729
1288 2729
1019 2729
1491 2729
1152 2730
1110 2730
1323 2730
1346 2730
1491 2730
1255 2731
1178 2731
1277 2731
673 2731
1083 2731
1491 2731
757 2732
717 2732
1352 2732
1131 2732
1262 2732
1030 2732
587 2732
1491 2732
740 2733
1370 2733
1223 2733
863 2733
1491 2733
1069 2734
627 2734
795 2734
799 2734
1079 2734
731 2734
1359 2734
1246 2734
1491 2734
1129 2735
777 2735
932 2735
1491 2735
1422 2736
1420 2736
597 2736
1333 2736
1412 2736
544 2736
1176 2736
1089 2736
1491 2736
791 2737
924 2737
604 2737
797 2737
506 2737
629 2737
1132 2737
1491 2737
615 2738
900 2738
716 2738
522 2738
969 2738
926 2738
1491 2738
873 2739
667 2739
1135 2739
813 2739
1265 2739
629 2739
1080 2739
1215 2739
1491 2739
560 2740
692 2740
512 2740
1091 2740
1439 2740
762 2740
654 2740
1201 2740
1491 2740
840 2741
1001 2741
825 2741
1091 2741
1491 2741
1123 2742
994 2742
1464 2742
1435 2742
1451 2742
1465 2742
1491 2742
1360 2743
773 2743
1236 2743
1196 2743
1151 2743
1010 2743
1403 2743
586 2743
1491 2743
1188 2744
894 2744
600 2744
1195 2744
1491 2744
703 2745
1269 2745
1100 2745
636 2745
1313 2745
1456 2745
1491 2745
694 2746
751 2746
632 2746
1491 2746
1286 2747
1086 2747
915 2747
1175 2747
1491 2747
1170 2748
902 2748
1219 2748
1491 2748
1329 2749
792 2749
618 2749
934 2749
1491 2749
654 2750
888 2750
990 2750
527 2750
668 2750
830 2750
1254 2750
644 2750
1491 2750
661 2751
1282 2751
1074 2751
818 2751
854 2751
716 2751
1491 2751
1415 2752
1172 2752
1064 2752
1491 2752
543 2753
507 2753
991 2753
1374 2753
782 2753
1491 2753
826 2754
929 2754
1122 2754
1468 2754
553 2754
1370 2754
1369 2754
1491 2754
588 2755
1440 2755
1411 2755
539 2755
1489 2755
1329 2755
948 2755
598 2755
1491 2755
528 2756
1038 2756
1123 2756
1333 2756
850 2756
1158 2756
567 2756
1491 2756
673 2757
1076 2757
1010 2757
711 2757
1420 2757
1491 2757
1334 2758
602 2758
1085 2758
1241 2758
1355 2758
1491 2758
778 2759
645 2759
874 2759
813 2759
1193 2759
930 2759
873 2759
1114 2759
1491 2759
913 2760
739 2760
1211 2760
893 2760
1206 2760
1491 2760
1047 2761
913 2761
888 2761
1090 2761
887 2761
922 2761
1491 2761
1441 2762
1349 2762
978 2762
1491 2762
764 2763
592 2763
1143 2763
587 2763
967 2763
822 2763
561 2763
1491 2763
544 2764
897 2764
1400 2764
1150 2764
1491 2764
1215 2765
951 2765
1346 2765
1179 2765
706 2765
607 2765
909 2765
785 2765
1491 2765
1060 2766
984 2766
842 2766
1289 2766
1491 2766
1183 2767
1021 2767
1028 2767
1491 2767
1469 2768
748 2768
518 2768
1083 2768
1077 2768
984 2768
1452 2768
1491 2768
544 2769
850 2769
1236 2769
679 2769
1369 2769
1429 2769
1223 2769
1491 2769
899 2770
1050 2770
993 2770
1440 2770
1491 2770
1005 2771
951 2771
953 2771
886 2771
1298 2771
535 2771
1491 2771
1106 2772
615 2772
1436 2772
1491 2772
626 2773
1041 2773
1158 2773
1107 2773
682 2773
810 2773
1081 2773
1491 2773
933 2774
894 2774
958 2774
1141 2774
545 2774
1491 2774
1443 2775
1346 2775
895 2775
1179 2775
1491 2775
952 2776
1229 2776
1002 2776
815 2776
1071 2776
1059 2776
1491 2776
1277 2777
1378 2777
541 2777
1441 2777
1182 2777
1255 2777
1491 2777
956 2778
650 2778
646 2778
1491 2778
685 2779
997 2779
1399 2779
709 2779
1299 2779
1250 2779
1484 2779
1491 2779
683 2780
1308 2780
1184 2780
1491 2780
626 2781
819 2781
994 2781
1167 2781
1491 2781
740 2782
1159 2782
1116 2782
518 2782
1491 2782
1114 2783
678 2783
636 2783
1330 2783
1491 2783
538 2784
1437 2784
1281 2784
627 2784
1380 2784
825 2784
1491 2784
1219 2785
629 2785
736 2785
889 2785
510 2785
1491 2785
625 2786
666 2786
1261 2786
970 2786
506 2786
1491 2786
1081 2787
513 2787
1289 2787
733 2787
1133 2787
1210 2787
1491 2787
1132 2788
1482 2788
500 2788
1187 2788
966 2788
685 2788
882 2788
747 2788
1491 2788
1391 2789
1480 2789
933 2789
1484 2789
1489 2789
1491 2789
936 2790
1003 2790
1111 2790
1060 2790
1107 2790
819 2790
907 2790
1062 2790
1491 2790
1164 2791
1097 2791
1051 2791
608 2791
708 2791
928 2791
1491 2791
1416 2792
1463 2792
1264 2792
839 2792
985 2792
1063 2792
1491 2792
847 2793
1437 2793
715 2793
729 2793
1136 2793
654 2793
1491 2793
1014 2794
1368 2794
873 2794
803 2794
1037 2794
1053 2794
695 2794
1397 2794
1491 2794
1154 2795
945 2795
797 2795
1189 2795
1222 2795
1257 2795
1088 2795
1491 2795
1320 2796
766 2796
1235 2796
652 2796
1368 2796
1100 2796
1491 2796
742 2797
661 2797
519 2797
1491 2797
1073 2798
1254 2798
980 2798
982 2798
1286 2798
590 2798
1031 2798
915 2798
1491 2798
1179 2799
949 2799
700 2799
587 2799
1491 2799
1308 2800
1137 2800
973 2800
1129 2800
1491 2800
837 2801
1053 2801
798 2801
1195 2801
1084 2801
967 2801
1330 2801
1491 2801
804 2802
1053 2802
655 2802
1398 2802
638 2802
660 2802
1212 2802
1347 2802
1491 2802
712 2803
1136 2803
1052 2803
1457 2803
731 2803
982 2803
1491 2803
1340 2804
684 2804
1400 2804
1305 2804
773 2804
916 2804
978 2804
1361 2804
1491 2804
1247 2805
618 2805
940 2805
1491 2805
924 2806
878 2806
621 2806
1209 2806
1335 2806
1491 2806
690 2807
1345 2807
693 2807
865 2807
1111 2807
1274 2807
1176 2807
842 2807
1491 2807
948 2808
610 2808
618 2808
1025 2808
529 2808
539 2808
1491 2808
772 2809
1221 2809
1328 2809
1436 2809
820 2809
854 2809
1074 2809
1491 2809
1230 2810
1118 2810
1400 2810
501 2810
929 2810
734 2810
1491 2810
1445 2811
1216 2811
1214 2811
527 2811
853 2811
1095 2811
915 2811
758 2811
1491 2811
706 2812
1396 2812
1142 2812
1006 2812
572 2812
1491 2812
746 2813
648 2813
774 2813
859 2813
1422 2813
599 2813
513 2813
1491 2813
1128 2814
984 2814
499 2814
937 2814
1491 2814
1139 2815
921 2815
1231 2815
1007 2815
1491 2815
598 2816
1011 2816
1050 2816
899 2816
539 2816
1301 2816
750 2816
1489 2816
1491 2816
1127 2817
1405 2817
617 2817
1491 2817
511 2818
1241 2818
1145 2818
1094 2818
1369 2818
1289 2818
1491 2818
1365 2819
724 2819
760 2819
1416 2819
1318 2819
1491 2819
540 2820
857 2820
984 2820
931 2820
1491 2820
626 2821
863 2821
971 2821
1178 2821
1491 2821
817 2822
544 2822
515 2822
1491 2822
739 2823
1126 2823
668 2823
1491 2823
845 2824
612 2824
1456 2824
1205 2824
846 2824
1191 2824
1244 2824
1491 2824
1235 2825
1267 2825
1027 2825
872 2825
1262 2825
882 2825
1143 2825
672 2825
1491 2825
885 2826
878 2826
1110 2826
1027 2826
1491 2826
1364 2827
861 2827
646 2827
648 2827
1491 2827
972 2828
1332 2828
932 2828
1129 2828
1491 2828
687 2829
886 2829
804 2829
837 2829
1443 2829
1179 2829
670 2829
1491 2829
612 2830
912 2830
1188 2830
561 2830
1153 2830
764 2830
685 2830
1491 2830
916 2831
1018 2831
540 2831
1491 2831
944 2832
963 2832
1451 2832
1491 2832
763 2833
1180 2833
733 2833
1491 2833
1040 2834
1143 2834
688 2834
1320 2834
704 2834
1030 2834
787 2834
1491 2834
823 2835
676 2835
1441 2835
679 2835
1491 2835
1336 2836
834 2836
1466 2836
786 2836
1154 2836
717 2836
1298 2836
970 2836
1491 2836
684 2837
1403 2837
1039 2837
881 2837
1491 2837
513 2838
749 2838
673 2838
1370 2838
995 2838
1392 2838
1489 2838
1491 2838
666 2839
1040 2839
655 2839
1491 2839
1211 2840
692 2840
1486 2840
1238 2840
1421 2840
1491 2840
528 2841
1038 2841
1369 2841
1471 2841
859 2841
1018 2841
756 2841
1491 2841
1360 2842
963 2842
955 2842
1491 2842
830 2843
647 2843
877 2843
1325 2843
1228 2843
538 2843
1012 2843
1491 2843
911 2844
651 2844
1012 2844
657 2844
1374 2844
1099 2844
1491 2844
708 2845
532 2845
543 2845
1069 2845
1478 2845
1093 2845
1491 2845
716 2846
870 2846
1162 2846
839 2846
1317 2846
1491 2846
1235 2847
1484 2847
564 2847
1205 2847
834 2847
1491 2847
894 2848
561 2848
641 2848
882 2848
1491 2848
1134 2849
663 2849
1476 2849
753 2849
1491 2849
624 2850
1272 2850
1059 2850
1472 2850
1466 2850
666 2850
1109 2850
743 2850
1491 2850
1359 2851
644 2851
1097 2851
1204 2851
1316 2851
1491 2851
938 2852
787 2852
949 2852
800 2852
1491 2852
819 2853
936 2853
851 2853
547 2853
1454 2853
1010 2853
963 2853
1491 2853
747 2854
764 2854
699 2854
1170 2854
1491 2854
1238 2855
1172 2855
1233 2855
1218 2855
1491 2855
800 2856
1257 2856
1410 2856
837 2856
703 2856
688 2856
718 2856
1489 2856
1491 2856
1320 2857
1262 2857
1261 2857
1080 2857
1491 2857
886 2858
514 2858
933 2858
1353 2858
1482 2858
1491 2858
768 2859
1162 2859
767 2859
1479 2859
986 2859
661 2859
614 2859
1491 2859
1350 2860
718 2860
1265 2860
814 2860
1491 2860
894 2861
1388 2861
629 2861
1005 2861
564 2861
1491 2861
1287 2862
1373 2862
1116 2862
1491 2862
1269 2863
584 2863
612 2863
1350 2863
783 2863
1311 2863
1491 2863
1413 2864
1311 2864
611 2864
1002 2864
1143 2864
1491 2864
1407 2865
1175 2865
825 2865
1216 2865
533 2865
908 2865
1126 2865
1491 2865
1243 2866
918 2866
826 2866
811 2866
1491 2866
766 2867
815 2867
706 2867
1491 2867
1370 2868
1081 2868
1182 2868
1009 2868
650 2868
1491 2868
1122 2869
730 2869
998 2869
1491 2869
671 2870
552 2870
1259 2870
973 2870
777 2870
760 2870
1491 2870
1149 2871
1335 2871
600 2871
925 2871
1491 2871
1315 2872
604 2872
1059 2872
1213 2872
1257 2872
714 2872
1491 2872
1265 2873
595 2873
685 2873
636 2873
672 2873
1491 2873
1245 2874
1239 2874
1185 2874
827 2874
553 2874
851 2874
1491 2874
1024 2875
1022 2875
596 2875
707 2875
1440 2875
588 2875
1491 2875
948 2876
534 2876
1192 2876
1034 2876
610 2876
1224 2876
1491 2876
1059 2877
1053 2877
1357 2877
786 2877
909 2877
1491 2877
632 2878
694 2878
703 2878
1491 2878
888 2879
1439 2879
795 2879
1491 2879
733 2880
1015 2880
518 2880
961 2880
776 2880
609 2880
646 2880
1444 2880
1491 2880
1264 2881
614 2881
1337 2881
1491 2881
1244 2882
592 2882
504 2882
612 2882
564 2882
1446 2882
797 2882
1491 2882
559 2883
1364 2883
999 2883
1491 2883
1100 2884
1191 2884
516 2884
667 2884
506 2884
898 2884
1350 2884
687 2884
1491 2884
1082 2885
1388 2885
1114 2885
1188 2885
1313 2885
771 2885
824 2885
1491 2885
1390 2886
1342 2886
780 2886
756 2886
1491 2886
1307 2887
812 2887
1284 2887
731 2887
1491 2887
1150 2888
1334 2888
1343 2888
852 2888
1048 2888
957 2888
1266 2888
1364 2888
1491 2888
633 2889
832 2889
939 2889
1491 2889
759 2890
612 2890
573 2890
1272 2890
824 2890
1276 2890
1021 2890
1491 2890
686 2891
1292 2891
538 2891
1286 2891
799 2891
1099 2891
503 2891
1491 2891
1360 2892
540 2892
1382 2892
753 2892
1491 2892
903 2893
1051 2893
1161 2893
1384 2893
784 2893
562 2893
1358 2893
1491 2893
912 2894
1114 2894
1215 2894
1320 2894
1219 2894
1186 2894
1322 2894
1244 2894
1491 2894
1057 2895
848 2895
950 2895
1351 2895
835 2895
1052 2895
1491 2895
1468 2896
508 2896
1168 2896
1491 2896
1279 2897
650 2897
859 2897
1491 2897
1130 2898
1422 2898
557 2898
1123 2898
1018 2898
1491 2898
586 2899
1240 2899
1344 2899
513 2899
1477 2899
1019 2899
1491 2899
649 2900
1106 2900
985 2900
1491 2900
1352 2901
747 2901
1181 2901
1000 2901
1491 2901
551 2902
1467 2902
600 2902
1066 2902
1311 2902
895 2902
1491 2902
912 2903
1036 2903
902 2903
697 2903
1244 2903
846 2903
1461 2903
1413 2903
1491 2903
1419 2904
1207 2904
1328 2904
1394 2904
671 2904
1148 2904
1256 2904
1375 2904
1491 2904
1065 2905
1024 2905
934 2905
792 2905
558 2905
1491 2905
1373 2906
994 2906
823 2906
748 2906
518 2906
1491 2906
1414 2907
1389 2907
609 2907
1169 2907
1491 2907
1235 2908
943 2908
1352 2908
1398 2908
885 2908
1067 2908
1320 2908
1491 2908
756 2909
1465 2909
1451 2909
690 2909
1283 2909
857 2909
1196 2909
1491 2909
810 2910
1180 2910
730 2910
916 2910
1125 2910
956 2910
1070 2910
1491 2910
604 2911
1131 2911
786 2911
1258 2911
1491 2911
934 2912
879 2912
1029 2912
1386 2912
1192 2912
1491 2912
1167 2913
642 2913
1003 2913
956 2913
941 2913
821 2913
530 2913
1491 2913
831 2914
1429 2914
811 2914
1491 2914
793 2915
772 2915
1016 2915
1242 2915
1491 2915
541 2916
626 2916
499 2916
528 2916
827 2916
1491 2916
1442 2917
1298 2917
722 2917
967 2917
572 2917
1491 2917
1215 2918
771 2918
759 2918
846 2918
779 2918
1160 2918
1109 2918
1491 2918
1111 2919
1054 2919
1230 2919
677 2919
1333 2919
1491 2919
1479 2920
1137 2920
1319 2920
1035 2920
724 2920
525 2920
1491 2920
1256 2921
1174 2921
745 2921
752 2921
1242 2921
1162 2921
832 2921
1491 2921
1164 2922
896 2922
1177 2922
526 2922
1491 2922
1093 2923
613 2923
647 2923
608 2923
1254 2923
1047 2923
1491 2923
1207 2924
1356 2924
671 2924
591 2924
854 2924
1491 2924
581 2925
813 2925
699 2925
1335 2925
1110 2925
1261 2925
516 2925
1491 2925
1301 2926
1470 2926
1034 2926
879 2926
940 2926
1270 2926
558 2926
1491 2926
1454 2927
1085 2927
836 2927
1009 2927
1491 2927
958 2928
1368 2928
743 2928
550 2928
1181 2928
878 2928
1491 2928
793 2929
662 2929
505 2929
1137 2929
552 2929
1393 2929
1491 2929
672 2930
1142 2930
587 2930
1021 2930
721 2930
1258 2930
1212 2930
1491 2930
722 2931
1483 2931
958 2931
1006 2931
1430 2931
514 2931
1257 2931
1491 2931
875 2932
1137 2932
1337 2932
1419 2932
1491 2932
1359 2933
543 2933
896 2933
954 2933
1156 2933
1491 2933
1072 2934
935 2934
1463 2934
1491 2934
818 2935
752 2935
723 2935
1423 2935
1365 2935
1491 2935
1065 2936
993 2936
1247 2936
770 2936
1022 2936
606 2936
1491 2936
753 2937
684 2937
508 2937
1401 2937
1429 2937
1491 2937
670 2938
573 2938
545 2938
1491 2938
855 2939
1033 2939
671 2939
1491 2939
590 2940
911 2940
1228 2940
980 2940
1307 2940
917 2940
1491 2940
586 2941
544 2941
790 2941
1491 2941
1235 2942
1084 2942
1267 2942
632 2942
1467 2942
1466 2942
1217 2942
787 2942
1491 2942
598 2943
1034 2943
1025 2943
1024 2943
1489 2943
1491 2943
1385 2944
903 2944
1119 2944
720 2944
1271 2944
921 2944
1491 2944
1169 2945
1230 2945
1279 2945
1435 2945
1491 2945
877 2946
1097 2946
1031 2946
1491 2946
518 2947
1355 2947
523 2947
1111 2947
626 2947
582 2947
511 2947
957 2947
1491 2947
1215 2948
1432 2948
625 2948
1491 2948
1372 2949
1015 2949
1240 2949
995 2949
1138 2949
1092 2949
1056 2949
1111 2949
1489 2949
1491 2949
516 2950
709 2950
550 2950
725 2950
1424 2950
886 2950
1489 2950
1491 2950
1012 2951
825 2951
1374 2951
509 2951
1164 2951
1439 2951
1491 2951
597 2952
656 2952
1243 2952
1081 2952
669 2952
619 2952
711 2952
1491 2952
559 2953
1168 2953
1342 2953
821 2953
995 2953
1403 2953
1491 2953
1103 2954
862 2954
1223 2954
1182 2954
1133 2954
1128 2954
1491 2954
727 2955
1452 2955
806 2955
544 2955
753 2955
567 2955
734 2955
1491 2955
1331 2956
1489 2956
1011 2956
691 2956
1491 2956
702 2957
948 2957
707 2957
899 2957
606 2957
946 2957
1232 2957
1491 2957
560 2958
1238 2958
651 2958
917 2958
1211 2958
1409 2958
1491 2958
1302 2959
691 2959
1331 2959
610 2959
948 2959
588 2959
1224 2959
1491 2959
1167 2960
650 2960
890 2960
1023 2960
1438 2960
1401 2960
1491 2960
762 2961
643 2961
1415 2961
922 2961
1031 2961
782 2961
569 2961
1491 2961
1188 2962
878 2962
1193 2962
1408 2962
945 2962
1098 2962
564 2962
800 2962
1491 2962
1240 2963
746 2963
749 2963
1491 2963
1489 2964
992 2964
1411 2964
1247 2964
529 2964
1489 2964
1491 2964
1116 2965
753 2965
599 2965
1077 2965
1107 2965
732 2965
650 2965
1491 2965
994 2966
1180 2966
1240 2966
1491 2966
1129 2967
1406 2967
996 2967
1072 2967
1120 2967
1148 2967
1260 2967
1491 2967
695 2968
577 2968
672 2968
1391 2968
1408 2968
1142 2968
1491 2968
979 2969
781 2969
1314 2969
1481 2969
1491 2969
736 2970
856 2970
1059 2970
1491 2970
637 2971
1123 2971
1378 2971
609 2971
502 2971
540 2971
1277 2971
1491 2971
909 2972
687 2972
1084 2972
1491 2972
1150 2973
916 2973
1130 2973
1469 2973
897 2973
1491 2973
697 2974
687 2974
1262 2974
1078 2974
797 2974
1491 2974
952 2975
1367 2975
636 2975
641 2975
1491 2975
730 2976
677 2976
642 2976
597 2976
650 2976
937 2976
501 2976
1349 2976
1491 2976
1086 2977
554 2977
911 2977
1491 2977
735 2978
903 2978
1194 2978
1486 2978
1284 2978
847 2978
812 2978
1271 2978
1491 2978
810 2979
1133 2979
578 2979
1018 2979
677 2979
1491 2979
924 2980
531 2980
1323 2980
1489 2980
1491 2980
1363 2981
1153 2981
1443 2981
1491 2981
528 2982
1070 2982
842 2982
774 2982
1465 2982
1491 2982
1071 2983
568 2983
688 2983
655 2983
803 2983
1215 2983
1088 2983
1491 2983
1131 2984
902 2984
1144 2984
1017 2984
761 2984
764 2984
1398 2984
1491 2984
1316 2985
1012 2985
1385 2985
1458 2985
674 2985
532 2985
795 2985
1491 2985
1146 2986
642 2986
1377 2986
1491 2986
931 2987
1274 2987
1327 2987
553 2987
1085 2987
929 2987
1491 2987
880 2988
1231 2988
1427 2988
1156 2988
927 2988
507 2988
1491 2988
1213 2989
866 2989
943 2989
924 2989
1193 2989
1149 2989
1131 2989
1368 2989
1491 2989
631 2990
1398 2990
828 2990
1424 2990
1491 2990
1346 2991
700 2991
1179 2991
895 2991
1491 2991
525 2992
661 2992
1416 2992
1184 2992
1318 2992
1417 2992
875 2992
1491 2992
767 2993
1416 2993
777 2993
614 2993
1375 2993
585 2993
1491 2993
660 2994
1153 2994
699 2994
834 2994
1491 2994
1007 2995
657 2995
847 2995
533 2995
686 2995
923 2995
1190 2995
1491 2995
