6 3
6 4
6 5
307 6
298 6
299 6
293 6
308 6
296 6
297 6
307 6
300 6
309 6
295 6
302 6
294 6
306 6
305 6
303 6
301 6
292 6
291 6
304 6
298 6
290 6
8 6
6 7
110 8
8 9
1 10
129 11
35 11
68 11
1 11
1 12
1 13
209 14
1 14
1 15
203 16
1 16
161 17
1 17
137 18
1 18
1 19
122 20
1 20
1 21
1 22
1 23
206 24
1 24
198 25
1 25
158 26
128 26
1 26
120 27
1 27
123 28
1 28
1 29
191 30
1 30
197 31
1 31
130 32
1 32
117 33
135 33
1 33
1 34
1 35
1 36
204 37
16 37
1 37
81 38
1 38
1 39
1 40
116 41
132 41
1 41
1 42
190 43
1 43
20 44
1 44
189 45
1 45
1 46
164 47
1 47
208 48
1 48
1 49
131 50
192 50
1 50
115 51
1 51
159 52
175 52
21 52
1 52
193 53
1 53
1 54
207 55
1 55
1 56
1 57
112 58
1 58
1 59
1 60
183 61
1 61
1 62
1 63
188 64
1 64
149 65
179 65
1 65
1 66
180 67
28 67
1 67
194 68
1 68
140 69
1 69
1 70
1 71
187 72
125 72
1 72
157 73
1 73
205 74
1 74
1 75
1 76
1 77
155 78
45 78
1 78
133 79
1 79
97 80
1 80
1 81
177 82
1 82
1 83
1 84
1 85
1 86
1 87
162 88
186 88
1 88
1 89
119 90
1 90
1 91
1 92
141 93
1 93
1 94
114 95
1 95
1 96
1 97
199 98
174 98
1 98
143 99
1 99
138 100
139 100
106 100
1 100
1 101
166 102
134 102
1 102
1 103
185 104
1 104
1 105
1 106
178 107
1 107
1 108
1 109
4 110
3 110
241 111
276 111
2 111
243 112
223 112
2 112
270 113
257 113
260 113
2 113
238 114
250 114
229 114
2 114
275 115
233 115
2 115
259 116
219 116
227 116
2 116
279 117
262 117
261 117
0 117
2 117
108 118
38 118
64 118
286 118
234 118
2 118
284 119
244 119
2 119
235 120
2 120
257 121
223 121
212 121
2 121
285 122
222 122
250 122
2 122
2 123
281 124
2 124
2 125
57 126
13 126
2 126
2 127
267 128
239 128
0 128
2 128
275 129
2 129
231 130
2 130
242 131
229 131
2 131
214 132
2 132
224 133
2 133
264 134
270 134
265 134
2 134
33 135
80 135
2 135
227 136
2 136
249 137
259 137
283 137
2 137
2 138
287 139
248 139
2 139
223 140
273 140
2 140
2 141
220 142
280 142
2 142
2 143
229 144
265 144
263 144
2 144
232 145
2 145
213 146
266 146
230 146
2 146
50 147
107 147
42 147
239 147
286 147
0 147
2 147
269 148
2 148
15 149
102 149
54 149
234 149
277 149
2 149
2 150
79 151
30 151
42 151
239 151
2 151
245 152
263 152
2 152
274 153
262 153
2 153
2 154
2 155
243 156
2 156
268 157
257 157
264 157
2 157
282 158
2 158
2 159
274 160
2 160
233 161
211 161
2 161
2 162
235 163
216 163
218 163
2 163
251 164
256 164
215 164
2 164
229 165
2 165
272 166
214 166
247 166
2 166
243 167
273 167
257 167
2 167
259 168
2 168
2 169
236 170
255 170
2 170
253 171
225 171
2 171
255 172
240 172
2 172
243 173
2 173
228 174
2 174
2 175
253 176
252 176
2 176
229 177
2 177
246 178
256 178
258 178
2 178
285 179
2 179
2 180
44 181
34 181
30 181
234 181
2 181
261 182
2 182
247 183
2 183
2 184
266 185
2 185
104 186
10 186
23 186
224 186
216 186
0 186
2 186
254 187
2 187
100 188
105 188
239 188
2 188
2 189
230 190
278 190
2 190
246 191
217 191
2 191
2 192
231 193
2 193
2 194
2 195
99 196
100 196
0 196
234 196
2 196
233 197
2 197
265 198
250 198
260 198
2 198
2 199
215 200
237 200
210 200
2 200
279 201
287 201
2 201
259 202
2 202
2 203
105 204
23 204
224 204
0 204
2 204
2 205
51 206
54 206
0 206
239 206
2 206
233 207
2 207
2 208
246 209
217 209
258 209
2 209
273 221
74 234
91 234
95 234
13 234
81 234
80 234
53 234
109 234
108 239
89 239
40 239
271 239
285 244
216 248
226 261
265 264
88 267
85 267
46 267
40 267
288 270
32 271
10 271
40 271
82 271
53 271
73 277
67 286
49 286
41 286
26 286
27 286
55 286
62 286
232 289
65 290
15 290
35 290
47 290
55 290
80 290
81 290
62 290
20 290
87 290
97 291
36 291
33 291
82 291
91 291
89 291
53 291
46 291
34 291
32 291
83 292
18 292
109 292
69 292
84 292
95 292
72 292
88 292
71 292
16 292
93 293
101 293
108 293
21 293
56 293
79 293
42 293
23 293
67 293
30 293
27 294
98 294
107 294
22 294
11 294
54 294
74 294
94 294
70 294
90 294
99 295
41 295
13 295
104 295
106 295
44 295
10 295
24 295
48 295
49 295
31 296
63 296
96 296
45 296
17 296
14 296
64 296
19 296
78 296
61 296
52 297
57 297
100 297
73 297
85 297
60 297
37 297
50 297
39 297
38 297
68 298
12 298
59 298
92 298
75 298
58 298
76 298
29 298
51 298
77 298
28 299
86 299
26 299
25 299
102 299
43 299
105 299
103 299
40 299
66 299
154 300
146 300
133 300
124 300
188 300
144 300
197 300
174 300
148 300
156 300
194 301
117 301
172 301
178 301
168 301
173 301
199 301
207 301
115 301
150 301
147 302
119 302
179 302
151 302
120 302
203 302
181 302
114 302
165 302
191 302
140 303
125 303
160 303
132 303
130 303
158 303
139 303
118 303
175 303
145 303
116 304
141 304
193 304
127 304
204 304
201 304
149 304
167 304
122 304
196 304
155 305
142 305
163 305
128 305
113 305
152 305
186 305
112 305
198 305
206 305
177 306
187 306
129 306
170 306
185 306
192 306
123 306
137 306
121 306
126 306
184 307
134 307
157 307
162 307
180 307
208 307
143 307
190 307
138 307
183 307
182 308
209 308
161 308
189 308
164 308
111 308
159 308
135 308
153 308
289 308
176 309
171 309
202 309
195 309
131 309
136 309
205 309
169 309
166 309
200 309
303 310
295 310
301 310
301 311
300 311
298 311
292 312
307 312
293 312
293 313
308 314
307 314
297 315
309 315
290 315
293 316
301 317
290 317
298 317
301 318
302 319
308 319
290 319
293 320
295 320
303 321
290 321
309 322
295 322
302 323
301 323
305 324
308 324
304 325
307 325
307 326
303 326
301 326
308 327
303 327
302 328
