1 5
124 6
1 6
1 7
1 8
204 9
1 9
1 10
198 11
1 11
156 12
1 12
132 13
1 13
1 14
117 15
1 15
1 16
1 17
1 18
201 19
1 19
193 20
1 20
153 21
123 21
1 21
115 22
1 22
118 23
1 23
1 24
186 25
1 25
192 26
1 26
125 27
1 27
112 28
130 28
1 28
1 29
1 30
1 31
199 32
1 32
1 33
1 34
1 35
111 36
127 36
1 36
1 37
185 38
1 38
1 39
184 40
1 40
1 41
159 42
1 42
203 43
1 43
1 44
126 45
187 45
1 45
110 46
1 46
154 47
170 47
1 47
188 48
1 48
1 49
202 50
1 50
1 51
1 52
107 53
1 53
1 54
1 55
178 56
1 56
1 57
1 58
183 59
1 59
144 60
174 60
1 60
1 61
175 62
1 62
189 63
1 63
135 64
1 64
1 65
1 66
182 67
120 67
1 67
152 68
1 68
200 69
1 69
1 70
1 71
1 72
150 73
1 73
128 74
1 74
1 75
1 76
172 77
1 77
1 78
1 79
1 80
1 81
1 82
157 83
181 83
1 83
1 84
114 85
1 85
1 86
1 87
136 88
1 88
1 89
109 90
1 90
1 91
1 92
194 93
169 93
1 93
138 94
1 94
133 95
134 95
1 95
1 96
161 97
129 97
1 97
1 98
180 99
1 99
1 100
1 101
173 102
1 102
1 103
1 104
4 105
3 105
236 106
271 106
2 106
238 107
218 107
2 107
265 108
252 108
255 108
2 108
233 109
245 109
224 109
2 109
270 110
228 110
2 110
254 111
214 111
222 111
2 111
274 112
257 112
256 112
0 112
2 112
281 113
229 113
2 113
279 114
239 114
2 114
230 115
2 115
252 116
218 116
207 116
2 116
280 117
217 117
245 117
2 117
2 118
276 119
2 119
2 120
2 121
2 122
262 123
234 123
0 123
2 123
270 124
2 124
226 125
2 125
237 126
224 126
2 126
209 127
2 127
219 128
2 128
259 129
265 129
260 129
2 129
2 130
222 131
2 131
244 132
254 132
278 132
2 132
2 133
282 134
243 134
2 134
218 135
268 135
2 135
2 136
215 137
275 137
2 137
2 138
224 139
260 139
258 139
2 139
227 140
2 140
208 141
261 141
225 141
2 141
234 142
281 142
0 142
2 142
264 143
2 143
229 144
272 144
2 144
2 145
234 146
2 146
240 147
258 147
2 147
269 148
257 148
2 148
2 149
2 150
238 151
2 151
263 152
252 152
259 152
2 152
277 153
2 153
2 154
269 155
2 155
228 156
206 156
2 156
2 157
230 158
211 158
213 158
2 158
246 159
251 159
210 159
2 159
224 160
2 160
267 161
209 161
242 161
2 161
238 162
268 162
252 162
2 162
254 163
2 163
2 164
231 165
250 165
2 165
248 166
220 166
2 166
250 167
235 167
2 167
238 168
2 168
223 169
2 169
2 170
248 171
247 171
2 171
224 172
2 172
241 173
251 173
253 173
2 173
280 174
2 174
2 175
229 176
2 176
256 177
2 177
242 178
2 178
2 179
261 180
2 180
219 181
211 181
0 181
2 181
249 182
2 182
234 183
2 183
2 184
225 185
273 185
2 185
241 186
212 186
2 186
2 187
226 188
2 188
2 189
2 190
0 191
229 191
2 191
228 192
2 192
260 193
245 193
255 193
2 193
2 194
210 195
232 195
205 195
2 195
274 196
282 196
2 196
254 197
2 197
2 198
219 199
0 199
2 199
2 200
0 201
234 201
2 201
228 202
2 202
2 203
241 204
212 204
253 204
2 204
268 216
48 229
104 229
35 234
266 234
280 239
211 243
221 256
260 259
35 262
283 265
77 266
48 266
68 272
57 281
227 284
