1 5
363 6
230 6
224 6
1 6
273 7
260 7
294 7
1 7
320 8
207 8
1 8
206 9
283 9
1 9
333 10
1 10
285 11
393 11
338 11
316 11
1 11
1 12
232 13
258 13
1 13
1 14
214 15
1 15
1 16
374 17
1 17
377 18
1 18
217 19
1 19
403 20
332 20
1 20
1 21
353 22
1 22
325 23
1 23
351 24
1 24
368 25
1 25
311 26
1 26
218 27
1 27
1 28
263 29
1 29
1 30
1 31
333 32
362 32
283 32
1 32
236 33
1 33
310 34
1 34
209 35
1 35
240 36
1 36
295 37
1 37
1 38
316 39
388 39
1 39
356 40
1 40
271 41
324 41
1 41
244 42
1 42
375 43
1 43
255 44
1 44
366 45
1 45
329 46
273 46
1 46
303 47
1 47
262 48
364 48
269 48
1 48
311 49
1 49
282 50
1 50
1 51
235 52
1 52
1 53
1 54
394 55
249 55
1 55
1 56
1 57
250 58
1 58
301 59
1 59
271 60
1 60
296 61
282 61
300 61
1 61
385 62
1 62
313 63
250 63
1 63
1 64
368 65
284 65
242 65
293 65
1 65
375 66
1 66
1 67
380 68
1 68
344 69
243 69
1 69
213 70
1 70
363 71
1 71
1 72
1 73
358 74
378 74
1 74
315 75
1 75
372 76
1 76
1 77
360 78
1 78
1 79
266 80
1 80
336 81
1 81
280 82
254 82
391 82
1 82
242 83
403 83
1 83
1 84
270 85
348 85
1 85
1 86
1 87
233 88
1 88
254 89
1 89
365 90
235 90
1 90
209 91
306 91
362 91
355 91
277 91
1 91
222 92
1 92
1 93
265 94
396 94
223 94
1 94
290 95
1 95
324 96
1 96
229 97
1 97
381 98
341 98
226 98
1 98
1 99
340 100
1 100
1 101
1 102
312 103
1 103
240 104
310 104
1 104
1 105
1 106
357 107
301 107
1 107
1 108
1 109
1 110
335 111
284 111
1 111
244 112
1 112
1 113
252 114
328 114
1 114
369 115
1 115
231 116
1 116
297 117
239 117
1 117
1 118
1 119
220 120
307 120
320 120
1 120
331 121
1 121
1 122
400 123
350 123
1 123
1 124
392 125
1 125
1 126
294 127
296 127
1 127
379 128
1 128
1 129
1 130
389 131
210 131
1 131
212 132
344 132
1 132
1 133
1 134
1 135
1 136
219 137
395 137
241 137
1 137
366 138
400 138
1 138
394 139
1 139
1 140
356 141
1 141
1 142
355 143
332 143
219 143
1 143
1 144
212 145
293 145
317 145
1 145
208 146
323 146
1 146
1 147
1 148
1 149
353 150
399 150
1 150
252 151
1 151
343 152
388 152
398 152
1 152
1 153
224 154
1 154
287 155
389 155
255 155
1 155
277 156
1 156
1 157
1 158
1 159
1 160
347 161
364 161
1 161
379 162
215 162
1 162
329 163
341 163
1 163
315 164
1 164
342 165
1 165
1 166
264 167
374 167
1 167
314 168
1 168
304 169
369 169
1 169
337 170
243 170
1 170
378 171
1 171
221 172
1 172
386 173
253 173
1 173
305 174
342 174
327 174
1 174
206 175
1 175
396 176
1 176
213 177
1 177
289 178
1 178
1 179
347 180
1 180
1 181
1 182
377 183
1 183
399 184
1 184
1 185
1 186
269 187
402 187
1 187
1 188
223 189
233 189
367 189
248 189
1 189
361 190
328 190
227 190
1 190
295 191
372 191
309 191
1 191
1 192
398 193
1 193
1 194
276 195
1 195
1 196
313 197
1 197
260 198
1 198
330 199
1 199
1 200
221 201
1 201
290 202
1 202
318 203
1 203
365 204
248 204
1 204
4 205
3 205
2 206
507 207
563 207
2 207
541 208
2 208
484 209
449 209
453 209
2 209
442 210
420 210
443 210
439 210
2 210
443 211
2 211
569 212
433 212
537 212
485 212
0 212
2 212
447 213
2 213
425 214
560 214
2 214
2 215
532 216
412 216
503 216
544 216
2 216
540 217
556 217
485 217
433 217
2 217
2 218
2 219
2 220
531 221
487 221
2 221
536 222
532 222
2 222
2 223
419 224
423 224
440 224
503 224
2 224
407 225
470 225
2 225
454 226
405 226
498 226
2 226
2 227
2 228
2 229
526 230
473 230
2 230
521 231
541 231
570 231
2 231
529 232
546 232
437 232
557 232
2 232
405 233
427 233
418 233
491 233
2 233
499 234
458 234
2 234
495 235
475 235
2 235
2 236
2 237
546 238
512 238
562 238
2 238
574 239
2 239
464 240
501 240
467 240
513 240
2 240
2 241
415 242
0 242
2 242
2 243
2 244
518 245
540 245
512 245
2 245
497 246
457 246
2 246
513 247
482 247
572 247
2 247
530 248
426 248
472 248
2 248
2 249
2 250
2 251
2 252
2 253
514 254
2 254
455 255
458 255
438 255
2 255
466 256
513 256
520 256
504 256
2 256
2 257
2 258
566 259
455 259
536 259
2 259
437 260
2 260
2 261
500 262
510 262
517 262
474 262
2 262
2 263
2 264
2 265
489 266
552 266
454 266
471 266
2 266
524 267
495 267
2 267
433 268
2 268
465 269
556 269
521 269
2 269
0 270
2 270
531 271
2 271
2 272
565 273
416 273
2 273
409 274
2 274
2 275
414 276
2 276
2 277
2 278
2 279
424 280
459 280
426 280
2 280
480 281
408 281
2 281
462 282
534 282
2 282
2 283
2 284
523 285
549 285
508 285
528 285
2 285
2 286
570 287
496 287
475 287
430 287
2 287
0 288
0 288
2 288
493 289
413 289
460 289
2 289
483 290
518 290
569 290
2 290
463 291
2 291
547 292
543 292
2 292
534 293
507 293
477 293
520 293
2 293
0 294
564 294
469 294
0 294
2 294
573 295
487 295
415 295
517 295
2 295
2 296
2 297
2 298
477 299
504 299
493 299
2 299
537 300
518 300
529 300
447 300
2 300
2 301
537 302
465 302
527 302
2 302
551 303
557 303
425 303
2 303
551 304
437 304
422 304
495 304
2 304
536 305
0 305
2 305
2 306
415 307
477 307
2 307
480 308
549 308
505 308
445 308
2 308
429 309
539 309
2 309
2 310
458 311
2 311
2 312
2 313
428 314
2 314
2 315
2 316
523 317
525 317
508 317
452 317
2 317
481 318
542 318
536 318
2 318
455 319
565 319
2 319
0 320
0 320
559 320
2 320
2 321
524 322
562 322
546 322
2 322
550 323
518 323
2 323
502 324
420 324
2 324
550 325
2 325
2 326
436 327
459 327
511 327
428 327
2 327
2 328
523 329
538 329
505 329
409 329
2 329
417 330
543 330
2 330
443 331
492 331
416 331
2 331
476 332
2 332
2 333
541 334
2 334
2 335
2 336
2 337
497 338
426 338
424 338
2 338
2 339
413 340
534 340
2 340
2 341
424 342
530 342
511 342
2 342
441 343
2 343
535 344
436 344
530 344
490 344
2 344
2 345
2 346
421 347
2 347
495 348
425 348
431 348
2 348
519 349
571 349
532 349
567 349
2 349
458 350
2 350
432 351
436 351
530 351
2 351
2 352
570 353
2 353
2 354
544 355
452 355
2 355
408 356
2 356
2 357
2 358
435 359
559 359
2 359
559 360
448 360
0 360
0 360
2 360
445 361
508 361
568 361
2 361
2 362
416 363
410 363
2 363
494 364
2 364
472 365
2 365
555 366
411 366
2 366
496 367
550 367
529 367
515 367
2 367
548 368
409 368
407 368
2 368
551 369
465 369
475 369
557 369
2 369
487 370
501 370
573 370
2 370
2 371
2 372
2 373
2 374
450 375
502 375
2 375
2 376
529 377
2 377
527 378
515 378
550 378
556 378
2 378
501 379
563 379
2 379
2 380
2 381
554 382
2 382
2 383
557 384
533 384
475 384
2 384
522 385
443 385
480 385
408 385
2 385
413 386
467 386
517 386
563 386
2 386
481 387
406 387
442 387
2 387
2 388
2 389
516 390
553 390
448 390
561 390
2 390
0 391
2 391
423 392
525 392
470 392
2 392
541 393
483 393
560 393
512 393
2 393
546 394
2 394
549 395
488 395
451 395
0 395
2 395
428 396
2 396
431 397
444 397
2 397
466 398
456 398
514 398
2 398
2 399
530 400
494 400
506 400
558 400
2 400
521 401
2 401
527 402
2 402
2 403
421 404
485 404
2 404
2 405
414 411
500 415
409 423
570 433
81 434
29 435
526 439
409 442
200 448
451 468
194 469
157 469
538 479
527 485
135 486
478 493
539 494
153 516
446 543
173 545
50 545
100 553
448 553
178 559
162 561
197 561
461 563
136 564
147 564
553 564
509 575
463 575
432 575
535 575
