6 3
6 4
6 5
583 6
588 6
585 6
588 6
585 6
581 6
590 6
587 6
592 6
584 6
583 6
594 6
593 6
598 6
582 6
600 6
595 6
589 6
599 6
596 6
591 6
586 6
597 6
8 6
6 7
210 8
8 9
76 10
1 10
368 11
235 11
229 11
1 11
278 12
265 12
299 12
170 12
1 12
325 13
212 13
1 13
211 14
288 14
1 14
338 15
1 15
290 16
398 16
343 16
321 16
1 16
1 17
237 18
263 18
1 18
1 19
219 20
1 20
1 21
379 22
1 22
382 23
1 23
222 24
1 24
408 25
337 25
1 25
1 26
358 27
1 27
330 28
1 28
356 29
75 29
1 29
373 30
1 30
316 31
1 31
223 32
1 32
1 33
268 34
131 34
1 34
1 35
1 36
338 37
367 37
288 37
1 37
241 38
1 38
315 39
1 39
214 40
1 40
245 41
1 41
300 42
1 42
1 43
321 44
393 44
1 44
361 45
1 45
276 46
329 46
1 46
249 47
1 47
380 48
42 48
1 48
260 49
1 49
371 50
1 50
334 51
278 51
1 51
308 52
1 52
267 53
369 53
274 53
67 53
1 53
316 54
1 54
287 55
1 55
1 56
240 57
1 57
1 58
98 59
1 59
399 60
254 60
1 60
1 61
1 62
255 63
70 63
1 63
306 64
74 64
1 64
276 65
1 65
301 66
287 66
305 66
1 66
390 67
1 67
318 68
255 68
1 68
1 69
373 70
289 70
247 70
298 70
1 70
380 71
1 71
1 72
385 73
1 73
349 74
248 74
1 74
218 75
1 75
368 76
10 76
1 76
1 77
1 78
363 79
383 79
1 79
320 80
1 80
377 81
1 81
182 82
1 82
365 83
1 83
1 84
271 85
1 85
341 86
1 86
285 87
259 87
396 87
1 87
247 88
408 88
1 88
1 89
275 90
353 90
1 90
1 91
1 92
238 93
1 93
259 94
1 94
370 95
240 95
1 95
214 96
311 96
367 96
360 96
282 96
1 96
227 97
1 97
1 98
270 99
401 99
228 99
1 99
295 100
1 100
329 101
186 101
1 101
234 102
1 102
386 103
346 103
231 103
1 103
1 104
345 105
1 105
1 106
1 107
317 108
1 108
245 109
315 109
1 109
1 110
1 111
362 112
306 112
1 112
1 113
1 114
1 115
340 116
289 116
1 116
249 117
1 117
45 118
1 118
257 119
333 119
1 119
374 120
1 120
236 121
1 121
302 122
244 122
1 122
22 123
1 123
1 124
225 125
312 125
325 125
1 125
336 126
1 126
1 127
405 128
355 128
1 128
1 129
397 130
1 130
1 131
299 132
301 132
1 132
384 133
1 133
1 134
1 135
394 136
215 136
1 136
217 137
349 137
1 137
1 138
1 139
1 140
1 141
224 142
400 142
246 142
1 142
371 143
405 143
1 143
399 144
1 144
1 145
361 146
1 146
1 147
360 148
337 148
224 148
1 148
1 149
217 150
298 150
322 150
35 150
1 150
213 151
328 151
1 151
1 152
86 153
1 153
1 154
358 155
404 155
1 155
257 156
1 156
348 157
393 157
403 157
1 157
1 158
229 159
1 159
292 160
394 160
260 160
1 160
282 161
1 161
1 162
1 163
114 164
1 164
1 165
352 166
369 166
1 166
384 167
220 167
1 167
334 168
346 168
1 168
320 169
1 169
347 170
1 170
1 171
269 172
379 172
1 172
319 173
1 173
309 174
374 174
1 174
342 175
248 175
1 175
383 176
1 176
226 177
1 177
391 178
258 178
1 178
310 179
347 179
332 179
1 179
211 180
1 180
401 181
1 181
218 182
1 182
294 183
1 183
1 184
352 185
1 185
1 186
1 187
382 188
1 188
404 189
1 189
1 190
1 191
274 192
407 192
1 192
1 193
228 194
238 194
372 194
253 194
1 194
366 195
333 195
232 195
1 195
300 196
377 196
314 196
1 196
1 197
403 198
1 198
1 199
281 200
1 200
1 201
318 202
1 202
265 203
1 203
335 204
18 204
1 204
1 205
226 206
1 206
295 207
1 207
323 208
169 208
1 208
370 209
253 209
1 209
4 210
3 210
2 211
512 212
568 212
2 212
546 213
2 213
489 214
454 214
458 214
2 214
447 215
425 215
448 215
444 215
2 215
448 216
2 216
80 217
114 217
574 217
438 217
542 217
490 217
0 217
2 217
452 218
2 218
430 219
565 219
2 219
2 220
537 221
417 221
508 221
549 221
2 221
545 222
561 222
490 222
438 222
2 222
2 223
2 224
2 225
536 226
492 226
2 226
541 227
537 227
2 227
126 228
90 228
2 228
424 229
428 229
445 229
508 229
2 229
412 230
475 230
2 230
459 231
410 231
503 231
2 231
2 232
2 233
2 234
531 235
478 235
2 235
526 236
546 236
575 236
2 236
534 237
551 237
442 237
562 237
2 237
410 238
432 238
423 238
496 238
2 238
504 239
463 239
2 239
500 240
480 240
2 240
2 241
2 242
551 243
517 243
567 243
2 243
579 244
2 244
469 245
506 245
472 245
518 245
2 245
2 246
155 247
176 247
420 247
0 247
2 247
2 248
2 249
523 250
545 250
517 250
2 250
502 251
462 251
2 251
518 252
487 252
577 252
2 252
535 253
431 253
477 253
2 253
2 254
2 255
2 256
2 257
2 258
519 259
2 259
460 260
463 260
443 260
2 260
471 261
518 261
525 261
509 261
2 261
2 262
2 263
571 264
460 264
541 264
2 264
442 265
2 265
2 266
505 267
515 267
522 267
479 267
2 267
2 268
2 269
2 270
494 271
557 271
459 271
476 271
2 271
529 272
500 272
2 272
438 273
2 273
470 274
561 274
526 274
2 274
13 275
121 275
22 275
144 275
0 275
2 275
536 276
2 276
2 277
570 278
421 278
2 278
414 279
2 279
2 280
419 281
2 281
2 282
2 283
2 284
429 285
464 285
431 285
2 285
485 286
413 286
2 286
467 287
539 287
2 287
2 288
2 289
528 290
554 290
513 290
533 290
2 290
2 291
575 292
501 292
480 292
435 292
2 292
131 293
130 293
133 293
153 293
0 293
0 293
2 293
498 294
418 294
465 294
2 294
488 295
523 295
574 295
2 295
468 296
2 296
552 297
548 297
2 297
539 298
512 298
482 298
525 298
2 298
41 299
140 299
169 299
191 299
0 299
569 299
474 299
0 299
2 299
578 300
492 300
420 300
522 300
2 300
2 301
2 302
2 303
482 304
509 304
498 304
2 304
542 305
523 305
534 305
452 305
2 305
2 306
542 307
470 307
532 307
2 307
556 308
562 308
430 308
2 308
556 309
442 309
427 309
500 309
2 309
123 310
150 310
126 310
168 310
541 310
0 310
2 310
2 311
420 312
482 312
2 312
485 313
554 313
510 313
450 313
2 313
434 314
544 314
2 314
2 315
463 316
2 316
2 317
2 318
433 319
2 319
2 320
2 321
528 322
530 322
513 322
457 322
2 322
486 323
547 323
541 323
2 323
460 324
570 324
2 324
14 325
159 325
167 325
68 325
162 325
145 325
0 325
0 325
564 325
2 325
2 326
529 327
567 327
551 327
2 327
555 328
523 328
2 328
507 329
425 329
2 329
555 330
2 330
2 331
441 332
464 332
516 332
433 332
2 332
2 333
528 334
543 334
510 334
414 334
2 334
422 335
548 335
2 335
448 336
497 336
421 336
2 336
481 337
2 337
2 338
546 339
2 339
56 340
2 340
2 341
2 342
502 343
431 343
429 343
2 343
2 344
418 345
539 345
2 345
2 346
429 347
535 347
516 347
2 347
446 348
2 348
540 349
441 349
535 349
495 349
2 349
2 350
2 351
426 352
2 352
500 353
430 353
436 353
2 353
524 354
576 354
537 354
572 354
2 354
463 355
2 355
437 356
441 356
535 356
2 356
2 357
575 358
2 358
2 359
549 360
457 360
2 360
413 361
2 361
2 362
2 363
101 364
163 364
205 364
440 364
564 364
2 364
208 365
120 365
102 365
564 365
453 365
0 365
0 365
2 365
450 366
513 366
573 366
2 366
2 367
421 368
415 368
2 368
499 369
2 369
477 370
2 370
560 371
416 371
2 371
501 372
555 372
534 372
520 372
2 372
553 373
414 373
412 373
2 373
556 374
470 374
480 374
562 374
2 374
492 375
506 375
578 375
2 375
49 376
168 376
133 376
2 376
71 377
94 377
115 377
117 377
2 377
157 378
175 378
116 378
95 378
2 378
2 379
455 380
507 380
2 380
2 381
534 382
2 382
532 383
520 383
555 383
561 383
2 383
506 384
568 384
2 384
2 385
2 386
559 387
2 387
2 388
562 389
538 389
480 389
2 389
527 390
448 390
485 390
413 390
2 390
418 391
472 391
522 391
568 391
2 391
486 392
411 392
447 392
2 392
116 393
50 393
51 393
170 393
2 393
2 394
47 395
195 395
521 395
558 395
453 395
566 395
2 395
119 396
113 396
156 396
0 396
2 396
428 397
530 397
475 397
2 397
546 398
488 398
565 398
517 398
2 398
551 399
2 399
26 400
30 400
177 400
120 400
65 400
554 400
493 400
456 400
0 400
2 400
433 401
2 401
436 402
449 402
2 402
471 403
461 403
519 403
2 403
2 404
535 405
499 405
511 405
563 405
2 405
526 406
2 406
532 407
2 407
2 408
426 409
490 409
2 409
2 410
419 416
505 420
414 428
575 438
86 439
612 440
558 440
96 440
124 440
55 440
34 440
531 444
414 447
147 453
78 453
139 453
28 453
51 453
205 453
456 473
159 474
17 474
82 474
49 474
146 474
86 474
199 474
162 474
543 484
532 490
209 491
46 491
200 491
163 491
21 491
140 491
483 498
544 499
70 521
57 521
99 521
36 521
163 521
162 521
158 521
451 548
69 550
91 550
178 550
55 550
65 558
112 558
105 558
453 558
29 564
98 564
183 564
162 566
74 566
34 566
66 566
140 566
81 566
167 566
202 566
466 568
68 569
134 569
141 569
152 569
558 569
514 580
468 580
437 580
540 580
27 581
81 581
172 581
70 581
191 581
62 581
86 581
20 581
112 581
206 581
100 581
109 581
131 581
187 581
33 581
36 581
66 581
179 581
164 581
17 581
101 582
56 582
201 582
156 582
11 582
192 582
158 582
39 582
58 582
199 582
115 582
18 582
52 582
40 582
167 582
93 582
32 582
153 582
141 582
144 582
184 583
14 583
166 583
117 583
150 583
24 583
63 583
171 583
111 583
176 583
155 583
99 583
194 583
128 583
25 583
124 583
35 583
185 583
137 583
10 583
163 584
123 584
50 584
106 584
42 584
183 584
12 584
120 584
104 584
78 584
29 584
61 584
88 584
188 584
139 584
119 584
152 584
118 584
23 584
196 584
30 585
202 585
140 585
133 585
190 585
209 585
186 585
26 585
174 585
89 585
54 585
49 585
138 585
28 585
73 585
13 585
84 585
19 585
80 585
82 585
135 586
160 586
67 586
90 586
125 586
15 586
105 586
203 586
165 586
127 586
96 586
47 586
207 586
31 586
64 586
145 586
92 586
75 586
76 586
168 586
113 587
87 587
83 587
182 587
91 587
21 587
148 587
208 587
130 587
46 587
95 587
189 587
136 587
198 587
197 587
193 587
103 587
132 587
147 587
71 587
65 588
55 588
85 588
22 588
169 588
68 588
41 588
143 588
126 588
53 588
44 588
116 588
159 588
154 588
161 588
60 588
204 588
129 588
175 588
38 588
37 589
77 589
157 589
110 589
51 589
45 589
57 589
151 589
195 589
205 589
94 589
180 589
107 589
122 589
74 589
170 589
98 589
200 589
16 589
142 589
149 590
146 590
177 590
114 590
79 590
108 590
43 590
173 590
162 590
178 590
48 590
34 590
72 590
121 590
102 590
134 590
59 590
69 590
181 590
97 590
368 591
298 591
273 591
361 591
384 591
363 591
213 591
238 591
342 591
379 591
260 591
338 591
241 591
293 591
405 591
327 591
279 591
380 591
319 591
383 591
312 592
218 592
353 592
306 592
321 592
346 592
265 592
322 592
326 592
374 592
349 592
310 592
317 592
270 592
305 592
409 592
291 592
320 592
285 592
403 592
268 593
332 593
233 593
315 593
274 593
329 593
223 593
240 593
239 593
324 593
341 593
340 593
393 593
299 593
295 593
217 593
330 593
370 593
234 593
275 593
399 594
333 594
347 594
272 594
392 594
250 594
231 594
377 594
253 594
311 594
378 594
251 594
373 594
358 594
283 594
408 594
216 594
294 594
354 594
402 594
303 595
246 595
220 595
366 595
309 595
406 595
261 595
391 595
263 595
334 595
388 595
316 595
356 595
245 595
385 595
387 595
296 595
256 595
227 595
381 595
371 596
277 596
382 596
376 596
390 596
271 596
359 596
242 596
314 596
288 596
350 596
348 596
364 596
351 596
339 596
394 596
254 596
292 596
355 596
258 596
232 597
375 597
264 597
395 597
289 597
335 597
401 597
236 597
580 597
215 597
396 597
248 597
257 597
323 597
302 597
286 597
276 597
222 597
252 597
308 597
367 598
397 598
230 598
313 598
287 598
243 598
365 598
389 598
214 598
318 598
249 598
225 598
398 598
336 598
307 598
300 598
228 598
211 598
325 598
404 598
357 599
284 599
328 599
237 599
212 599
259 599
352 599
244 599
282 599
372 599
247 599
255 599
269 599
266 599
235 599
219 599
386 599
290 599
369 599
400 599
229 600
343 600
226 600
407 600
345 600
280 600
362 600
267 600
304 600
278 600
224 600
281 600
301 600
337 600
331 600
262 600
297 600
221 600
344 600
360 600
592 601
600 601
599 602
592 602
581 602
595 603
592 604
593 604
582 604
584 605
581 606
598 607
590 607
595 607
581 608
598 608
591 609
586 609
584 609
596 610
599 610
585 611
582 611
585 612
593 613
589 613
586 613
588 614
594 614
591 614
581 615
598 615
583 616
597 616
588 617
597 617
592 617
587 618
585 618
599 619
582 619
591 619
