608 0
971 0
48 0
643 1
978 1
48 1
48 2
48 3
765 4
658 4
549 4
48 4
891 5
719 5
48 5
555 6
635 6
48 6
48 7
48 8
48 9
48 10
769 11
48 11
810 12
48 12
750 13
899 13
48 13
48 14
763 15
531 15
48 15
848 16
651 16
48 16
48 17
957 18
48 18
640 19
48 19
854 20
48 20
48 21
48 22
939 23
836 23
48 23
48 24
903 25
48 25
893 26
48 26
709 27
48 27
916 28
698 28
48 28
705 29
48 29
48 30
692 31
48 31
795 32
527 32
910 32
48 32
48 33
850 34
686 34
971 34
836 34
48 34
587 35
48 35
941 36
48 36
48 37
48 38
565 39
48 39
967 40
48 40
708 41
48 41
936 42
48 42
678 43
48 43
866 44
48 44
48 45
976 46
48 46
48 52
1000 53
834 53
48 53
802 54
48 54
48 55
519 56
48 56
48 57
48 58
621 59
48 59
681 60
48 60
758 61
48 61
48 62
699 63
48 63
48 64
569 65
48 65
48 66
48 67
902 68
854 68
942 68
48 68
48 69
609 70
48 70
48 71
48 72
745 73
823 73
48 73
48 74
506 75
48 75
922 76
48 76
48 77
48 78
48 79
48 80
961 81
48 81
48 82
48 83
941 84
48 84
48 85
48 86
48 87
48 88
48 89
620 90
48 90
867 91
48 91
48 92
48 93
915 94
511 94
48 94
962 95
48 95
48 96
48 97
826 98
48 98
48 99
48 100
543 101
715 101
48 101
48 102
530 103
807 103
48 103
558 104
48 104
783 105
48 105
848 106
48 106
606 107
618 107
48 107
48 108
934 109
48 109
762 110
934 110
48 110
48 111
968 112
989 112
48 112
575 113
771 113
639 113
48 113
770 114
48 114
48 115
48 116
48 117
48 118
817 119
48 119
48 120
48 121
667 122
48 122
662 123
631 123
867 123
48 123
904 124
48 124
512 125
48 125
828 126
48 126
48 127
48 128
48 129
48 130
776 131
48 131
48 132
994 133
48 133
48 134
843 135
48 135
48 136
48 137
947 138
48 138
926 139
740 139
48 139
520 140
972 140
48 140
48 141
48 142
555 143
48 143
837 144
48 144
48 145
770 146
48 146
766 147
936 147
541 147
48 147
48 148
627 149
697 149
48 149
48 150
48 151
582 152
48 152
717 153
48 153
873 154
48 154
551 155
48 155
933 156
880 156
845 156
752 156
48 156
803 157
48 157
48 158
794 159
562 159
48 159
585 160
616 160
48 160
865 161
827 161
48 161
908 162
869 162
517 162
48 162
48 163
911 164
48 164
48 165
48 166
597 167
744 167
48 167
700 168
48 168
808 169
48 169
868 170
48 170
48 171
665 172
48 172
961 173
593 173
48 173
48 174
533 175
863 175
847 175
48 175
48 176
584 177
48 177
48 178
48 179
833 180
600 180
521 180
48 180
980 181
48 181
48 182
666 183
48 183
906 184
48 184
521 185
48 185
48 186
528 187
48 187
590 188
48 188
977 189
48 189
757 190
48 190
48 191
807 192
48 192
967 193
754 193
691 193
48 193
641 194
809 194
48 194
613 195
48 195
891 196
48 196
508 197
48 197
1004 198
730 198
771 198
724 198
48 198
876 199
611 199
48 199
48 200
798 201
48 201
48 202
772 203
48 203
705 204
48 204
48 205
48 206
589 207
48 207
720 208
48 208
992 209
48 209
893 210
566 210
48 210
48 211
565 212
535 212
48 212
1003 213
683 213
48 213
661 214
48 214
765 215
667 215
48 215
843 216
611 216
965 216
48 216
992 217
726 217
515 217
48 217
939 218
48 218
805 219
690 219
48 219
619 220
48 220
706 221
48 221
965 222
584 222
48 222
607 223
48 223
48 224
724 225
860 225
48 225
48 226
841 227
48 227
916 228
48 228
788 229
840 229
943 229
892 229
48 229
48 230
610 231
954 231
48 231
48 232
48 233
48 234
48 235
626 236
809 236
48 236
677 237
711 237
48 237
784 238
48 238
48 239
745 240
972 240
48 240
905 241
48 241
766 242
938 242
48 242
778 243
624 243
656 243
48 243
48 244
870 245
48 245
706 246
48 246
48 247
811 248
932 248
48 248
48 249
48 250
678 251
553 251
48 251
725 252
48 252
516 253
48 253
655 254
598 254
48 254
1492 255
882 255
571 255
48 255
851 256
48 256
48 257
573 258
48 258
48 259
689 260
959 260
48 260
918 261
665 261
48 261
48 262
990 263
507 263
787 263
573 263
878 263
48 263
995 264
48 264
48 265
581 266
794 266
48 266
48 267
881 268
535 268
986 268
48 268
48 269
997 270
886 270
48 270
48 271
595 272
48 272
48 273
48 274
994 275
782 275
48 275
48 276
525 277
835 277
932 277
925 277
48 277
48 278
48 279
48 280
514 281
48 281
686 282
734 282
48 282
48 283
715 284
48 284
518 285
828 285
48 285
48 286
953 287
48 287
48 288
646 289
618 289
48 289
48 290
704 291
48 291
991 292
620 292
683 292
48 292
975 293
48 293
530 294
871 294
48 294
48 295
853 296
48 296
48 297
48 298
1003 299
839 299
868 299
860 299
48 299
640 300
722 300
925 300
48 300
779 301
48 301
710 302
48 302
734 303
48 303
645 304
48 304
595 305
625 305
48 305
48 306
48 307
48 308
554 309
48 309
805 310
48 310
612 311
714 311
48 311
562 312
48 312
989 313
48 313
48 314
625 315
48 315
48 316
48 317
768 318
48 318
906 319
946 319
48 319
608 320
864 320
644 320
643 320
679 320
708 320
48 320
890 321
48 321
48 322
48 323
975 324
661 324
566 324
869 324
48 324
903 325
48 325
722 326
48 326
947 327
522 327
48 327
984 328
684 328
48 328
48 329
720 330
827 330
48 330
48 331
681 332
48 332
48 333
680 334
48 334
574 335
48 335
548 336
48 336
512 337
48 337
817 338
849 338
902 338
48 338
855 339
48 339
48 340
674 341
777 341
587 341
48 341
663 342
48 342
629 343
48 343
668 344
926 344
48 344
605 345
48 345
670 346
48 346
974 347
48 347
644 348
48 348
790 349
896 349
837 349
48 349
48 350
48 351
968 352
680 352
674 352
910 352
48 352
48 353
881 354
48 354
997 355
534 355
627 355
48 355
946 356
48 356
783 357
48 357
645 358
847 358
48 358
976 359
795 359
48 359
531 360
48 360
920 361
48 361
48 362
983 363
747 363
850 363
48 363
747 364
802 364
48 364
702 365
48 365
48 366
673 367
48 367
48 368
858 369
914 369
48 369
48 370
48 371
48 372
514 373
756 373
48 373
528 374
742 374
924 374
545 374
48 374
48 375
48 376
768 377
48 377
48 378
991 379
663 379
787 379
48 379
679 380
48 380
841 381
48 381
952 382
979 382
48 382
48 383
48 384
819 385
646 385
48 385
875 386
48 386
48 387
48 388
823 389
963 389
48 389
641 390
48 390
698 391
616 391
48 391
48 392
48 393
726 394
886 394
48 394
728 395
48 395
761 396
48 396
998 397
48 397
662 398
763 398
48 398
786 399
48 399
735 400
774 400
48 400
542 401
48 401
888 402
48 402
899 403
519 403
48 403
996 404
48 404
670 405
859 405
773 405
48 405
769 406
970 406
800 406
48 406
592 407
48 407
923 408
851 408
48 408
48 409
48 410
48 411
48 412
48 413
630 414
48 414
845 415
48 415
857 416
710 416
48 416
48 417
547 418
713 418
984 418
898 418
48 418
558 419
657 419
596 419
48 419
48 420
695 421
656 421
48 421
48 422
781 423
586 423
48 423
831 424
746 424
875 424
48 424
576 425
48 425
48 426
48 427
543 428
48 428
48 429
727 430
48 430
721 431
48 431
537 432
48 432
577 433
48 433
815 434
48 434
943 435
776 435
48 435
48 436
597 437
550 437
48 437
596 438
561 438
48 438
684 439
48 439
835 440
784 440
48 440
48 441
574 442
938 442
48 442
659 443
689 443
48 443
48 444
48 445
998 446
703 446
923 446
517 446
48 446
756 447
864 447
48 447
540 448
666 448
810 448
901 448
48 448
744 449
48 449
731 450
48 450
559 451
48 451
604 452
48 452
48 453
703 454
48 454
672 455
842 455
48 455
951 456
819 456
48 456
904 457
48 457
754 458
48 458
581 459
48 459
557 460
593 460
48 460
48 461
48 462
48 463
702 464
520 464
623 464
48 464
996 465
655 465
48 465
48 466
909 467
48 467
48 468
793 469
660 469
48 469
677 470
48 470
48 471
48 472
896 473
852 473
753 473
48 473
619 474
545 474
907 474
48 474
48 475
830 476
48 476
973 477
959 477
48 477
48 478
600 479
48 479
786 480
966 480
48 480
777 481
48 481
685 482
651 482
48 482
48 483
792 484
730 484
48 484
731 485
48 485
48 486
563 487
48 487
583 488
764 488
48 488
933 489
699 489
48 489
48 490
48 491
578 492
48 492
48 493
534 494
658 494
48 494
48 495
571 496
48 496
751 497
48 497
529 498
682 498
48 498
48 499
852 500
48 500
48 501
48 502
1492 503
970 503
832 503
48 503
516 504
48 504
51 505
50 505
1113 506
49 506
1175 507
1249 507
1200 507
1143 507
49 507
1180 508
1374 508
1229 508
49 508
1401 509
1298 509
1483 509
1073 509
1052 509
1424 509
49 509
1099 510
49 510
1023 511
1317 511
1482 511
1168 511
49 511
1158 512
1129 512
1088 512
1193 512
1108 512
1021 512
49 512
1424 513
1328 513
1358 513
1444 513
1219 513
1443 513
49 513
1436 514
1211 514
1262 514
1189 514
1353 514
1349 514
49 514
1380 515
1398 515
49 515
1103 516
1340 516
1320 516
49 516
1010 517
1276 517
1106 517
49 517
1046 518
1062 518
1412 518
1072 518
1055 518
1314 518
49 518
1103 519
1384 519
1388 519
49 519
1049 520
1011 520
1118 520
49 520
1441 521
1309 521
1120 521
1345 521
1462 521
49 521
1479 522
1070 522
1403 522
1272 522
49 522
1435 523
1194 523
1412 523
49 523
1271 524
1096 524
1098 524
1367 524
1187 524
49 524
1099 525
1278 525
49 525
1459 526
1361 526
49 526
1014 527
1480 527
1161 527
1379 527
1477 527
1271 527
49 527
1132 528
1142 528
1310 528
1055 528
1360 528
1248 528
49 528
1282 529
49 529
1374 530
1299 530
49 530
1096 531
1397 531
49 531
1097 532
49 532
1432 533
1143 533
1183 533
1124 533
1450 533
49 533
1243 534
1141 534
1430 534
1087 534
49 534
1238 535
1287 535
1446 535
1180 535
1149 535
49 535
1242 536
1192 536
1328 536
1108 536
1089 536
1444 536
49 536
1021 537
1433 537
1090 537
1353 537
1089 537
49 537
1229 538
1244 538
1287 538
1069 538
1267 538
49 538
1453 539
49 539
1209 540
49 540
1201 541
1101 541
1081 541
1294 541
1461 541
49 541
1147 542
1031 542
1318 542
1010 542
1342 542
1407 542
49 542
1036 543
1275 543
1243 543
1431 543
1124 543
1232 543
49 543
1353 544
1350 544
1090 544
1297 544
49 544
1038 545
1083 545
1196 545
1438 545
1461 545
49 545
1143 546
1010 546
1117 546
1402 546
49 546
1452 547
1443 547
1269 547
1278 547
1484 547
49 547
1341 548
1221 548
1023 548
49 548
1461 549
1243 549
1377 549
1143 549
1200 549
49 549
1334 550
1040 550
1293 550
1046 550
1042 550
49 550
1364 551
1476 551
1374 551
1365 551
1323 551
1458 551
49 551
1340 552
1314 552
49 552
1205 553
1322 553
1418 553
1066 553
49 553
1373 554
1402 554
1083 554
49 554
1253 555
1236 555
1338 555
1420 555
49 555
1127 556
1124 556
1450 556
49 556
1158 557
1305 557
1326 557
1125 557
1235 557
49 557
1035 558
49 558
1451 559
1431 559
49 559
1295 560
1228 560
1261 560
1381 560
49 560
1014 561
1290 561
1340 561
49 561
1009 562
1210 562
1005 562
1193 562
1278 562
1349 562
49 562
1141 563
49 563
1346 564
1111 564
1321 564
1382 564
49 564
1093 565
1240 565
47 565
49 565
1089 566
1369 566
1330 566
1064 566
1415 566
1439 566
47 566
49 566
1190 567
1412 567
1115 567
1428 567
49 567
1386 568
1400 568
1371 568
1249 568
1237 568
49 568
1349 569
1487 569
49 569
1089 570
1202 570
1262 570
1439 570
1354 570
49 570
1459 571
1231 571
1388 571
1248 571
1454 571
49 571
1454 572
1231 572
1320 572
49 572
1074 573
1018 573
1445 573
1081 573
49 573
1490 574
1467 574
1228 574
1217 574
1385 574
47 574
49 574
1018 575
1285 575
1216 575
49 575
1278 576
1153 576
1089 576
1296 576
1091 576
49 576
1464 577
1133 577
1250 577
1260 577
1163 577
1271 577
49 577
1388 578
1213 578
1389 578
1271 578
1209 578
49 578
1360 579
1043 579
49 579
1480 580
1188 580
49 580
1481 581
49 581
1099 582
1222 582
1024 582
1193 582
49 582
1470 583
1312 583
1437 583
1252 583
49 583
1479 584
1193 584
1300 584
1356 584
1153 584
1078 584
49 584
1477 585
1179 585
1338 585
49 585
1286 586
1276 586
1117 586
1205 586
1200 586
1196 586
49 586
1389 587
49 587
1114 588
1366 588
49 588
1056 589
1123 589
1354 589
1300 589
49 589
1104 590
1409 590
1349 590
1325 590
1152 590
1297 590
49 590
1351 591
1209 591
1240 591
1321 591
49 591
1164 592
1393 592
49 592
1047 593
1008 593
1150 593
1279 593
1469 593
1244 593
49 593
1468 594
1018 594
1274 594
49 594
1385 595
1210 595
1269 595
1282 595
49 595
1164 596
1383 596
49 596
1134 597
1413 597
49 597
1364 598
1149 598
1331 598
1365 598
1315 598
1458 598
49 598
1128 599
1235 599
1078 599
49 599
1236 600
1435 600
1320 600
1273 600
1013 600
49 600
1075 601
1217 601
1203 601
1327 601
49 601
1204 602
1096 602
1186 602
49 602
1305 603
1056 603
1104 603
1088 603
1416 603
49 603
1114 604
49 604
1457 605
1442 605
1445 605
1407 605
1138 605
1400 605
49 605
1346 606
1252 606
1186 606
49 606
1061 607
1391 607
1177 607
1364 607
1131 607
1429 607
49 607
1141 608
49 608
1018 609
1146 609
1147 609
1080 609
47 609
49 609
1070 610
1015 610
1222 610
1415 610
49 610
1013 611
1223 611
1293 611
1208 611
1260 611
1139 611
49 611
1360 612
49 612
1290 613
1098 613
47 613
49 613
1456 614
1160 614
49 614
1408 615
1242 615
1325 615
49 615
1344 616
1150 616
1323 616
1455 616
49 616
1418 617
1347 617
1010 617
1134 617
1232 617
1034 617
49 617
1033 618
1316 618
1200 618
49 618
1398 619
1103 619
1097 619
1050 619
1094 619
49 619
1251 620
1233 620
49 620
1102 621
1340 621
1480 621
49 621
1030 622
1268 622
1035 622
47 622
49 622
1384 623
1421 623
1252 623
1062 623
1290 623
49 623
1357 624
1414 624
1120 624
1417 624
47 624
47 624
49 624
1480 625
1352 625
1245 625
1368 625
1251 625
1311 625
47 625
49 625
1156 626
1380 626
1266 626
1118 626
49 626
1288 627
49 627
1021 628
49 628
1414 629
1309 629
1051 629
49 629
1137 630
1041 630
1214 630
1484 630
1485 630
1452 630
49 630
1111 631
1320 631
49 631
1080 632
1027 632
1386 632
49 632
1401 633
1173 633
1189 633
1349 633
1439 633
1219 633
49 633
1356 634
49 634
1376 635
1389 635
1179 635
49 635
1273 636
1367 636
49 636
1260 637
1042 637
1404 637
49 637
1180 638
1150 638
1198 638
1197 638
49 638
1359 639
1229 639
1378 639
1218 639
1395 639
1178 639
49 639
1390 640
1392 640
49 640
1227 641
1157 641
1441 641
1120 641
49 641
1345 642
1289 642
49 642
1011 643
1121 643
1428 643
1043 643
1426 643
49 643
1312 644
1046 644
1449 644
49 644
1404 645
1013 645
1360 645
1115 645
1204 645
49 645
1319 646
1175 646
1185 646
49 646
1042 647
1163 647
1077 647
49 647
1119 648
1197 648
1178 648
1149 648
49 648
1443 649
49 649
1123 650
1297 650
1099 650
1486 650
1396 650
1354 650
49 650
1464 651
1398 651
1312 651
1176 651
49 651
1430 652
1465 652
49 652
1278 653
1327 653
49 653
1146 654
1274 654
1402 654
1249 654
1036 654
49 654
1005 655
1090 655
1123 655
1152 655
1159 655
1444 655
49 655
1149 656
1047 656
49 656
1464 657
1116 657
1310 657
1311 657
47 657
49 657
1263 658
1444 658
1306 658
49 658
1219 659
1481 659
1122 659
49 659
1398 660
1043 660
1190 660
1419 660
49 660
1220 661
1434 661
1334 661
1338 661
1366 661
1223 661
49 661
1304 662
1191 662
49 662
1473 663
1465 663
49 663
1038 664
1288 664
49 664
1436 665
1104 665
1354 665
1041 665
49 665
1451 666
1151 666
1438 666
1080 666
1377 666
1402 666
49 666
1118 667
49 667
1123 668
1447 668
1090 668
1088 668
49 668
1096 669
49 669
1447 670
1125 670
49 670
1435 671
1140 671
1412 671
1076 671
49 671
1221 672
1123 672
1075 672
1257 672
1107 672
49 672
1112 673
1064 673
1262 673
1088 673
1089 673
1481 673
49 673
1375 674
1275 674
1199 674
1383 674
49 674
1024 675
49 675
1013 676
1434 676
49 676
1486 677
49 677
1408 678
1257 678
49 678
1088 679
1406 679
1107 679
49 679
1051 680
47 680
1370 680
1268 680
1157 680
49 680
1191 681
1036 681
47 681
49 681
1136 682
1190 682
1367 682
1324 682
1255 682
1236 682
49 682
1371 683
1445 683
1342 683
1283 683
49 683
1315 684
49 684
1044 685
1075 685
1452 685
1392 685
1282 685
49 685
1077 686
1428 686
1355 686
1114 686
49 686
1264 687
1122 687
1012 687
1349 687
1224 687
49 687
1229 688
1391 688
1197 688
1165 688
1455 688
49 688
1268 689
47 689
1206 689
1289 689
49 689
1261 690
49 690
1064 691
49 691
1211 692
1071 692
1154 692
1341 692
49 692
1268 693
47 693
1370 693
1313 693
47 693
1345 693
49 693
1071 694
1041 694
1452 694
1302 694
1099 694
1221 694
49 694
1191 695
49 695
1072 696
49 696
1301 697
49 697
1110 698
49 698
1411 699
1207 699
1045 699
1400 699
1316 699
1413 699
49 699
1360 700
49 700
1059 701
1176 701
1320 701
1474 701
1132 701
1480 701
49 701
1274 702
1400 702
1201 702
1141 702
1216 702
49 702
1327 703
1463 703
1041 703
49 703
1402 704
1034 704
1130 704
1333 704
1164 704
1285 704
49 704
1253 705
1255 705
1133 705
49 705
1258 706
49 706
1481 707
1152 707
49 707
1257 708
1037 708
1105 708
1128 708
49 708
1249 709
1185 709
1411 709
1175 709
1413 709
49 709
1386 710
1148 710
49 710
1300 711
49 711
1445 712
1318 712
49 712
1346 713
1394 713
1321 713
49 713
1070 714
1037 714
49 714
1208 715
49 715
1153 716
1392 716
1234 716
1490 716
49 716
1092 717
1278 717
1026 717
1306 717
1488 717
49 717
1046 718
1379 718
49 718
1476 719
49 719
1189 720
1044 720
1263 720
1270 720
1443 720
49 720
1381 721
1399 721
1125 721
1485 721
49 721
1373 722
1086 722
49 722
1139 723
49 723
1040 724
1241 724
1156 724
1209 724
49 724
1041 725
1090 725
1463 725
1353 725
1296 725
49 725
1220 726
1435 726
1337 726
1248 726
1059 726
49 726
1135 727
49 727
1116 728
1389 728
1410 728
1320 728
49 728
1392 729
49 729
1185 730
1184 730
1143 730
1288 730
1201 730
1135 730
49 730
1366 731
49 731
1123 732
1192 732
1452 732
1257 732
1092 732
49 732
1107 733
1390 733
1217 733
1433 733
1021 733
1235 733
49 733
1136 734
1187 734
1118 734
1459 734
49 734
1309 735
1239 735
49 735
1148 736
1074 736
1184 736
49 736
1321 737
1050 737
1334 737
49 737
1012 738
1408 738
49 738
1351 739
1422 739
49 739
1218 740
1166 740
1244 740
1016 740
1100 740
1359 740
49 740
1306 741
1037 741
1416 741
1487 741
49 741
1281 742
1066 742
1027 742
1478 742
49 742
1018 743
49 743
1385 744
1128 744
1272 744
49 744
1222 745
1068 745
1487 745
1408 745
1381 745
49 745
1112 746
1214 746
1202 746
47 746
49 746
1257 747
1403 747
1126 747
1298 747
1168 747
1300 747
49 747
1093 748
49 748
1379 749
49 749
1051 750
1289 750
1313 750
1345 750
49 750
1294 751
1316 751
1225 751
1183 751
1371 751
1489 751
49 751
1259 752
1294 752
49 752
1070 753
1486 753
1091 753
1270 753
1189 753
1325 753
49 753
1096 754
49 754
1342 755
1237 755
1185 755
1167 755
1371 755
49 755
1064 756
1298 756
1171 756
1221 756
49 756
1424 757
1217 757
1479 757
1126 757
49 757
1436 758
1262 758
1466 758
1300 758
1291 758
1381 758
49 758
1427 759
1145 759
1143 759
1169 759
49 759
1269 760
1272 760
1403 760
1463 760
49 760
1481 761
1385 761
47 761
49 761
1462 762
1206 762
1441 762
1174 762
1345 762
49 762
1186 763
1454 763
1321 763
1212 763
49 763
1118 764
1368 764
1194 764
1311 764
1324 764
1253 764
49 764
1113 765
49 765
1200 766
1101 766
1319 766
49 766
1486 767
49 767
1376 768
1387 768
1013 768
49 768
1202 769
49 769
1113 770
1069 770
1458 770
1395 770
1119 770
1061 770
49 770
1134 771
1185 771
1155 771
49 771
1464 772
1046 772
1449 772
1388 772
1170 772
47 772
49 772
1236 773
1163 773
1121 773
1312 773
49 773
1064 774
1068 774
1005 774
1070 774
49 774
1163 775
1049 775
1096 775
49 775
1093 776
49 776
1456 777
1326 777
1089 777
1486 777
1137 777
1390 777
49 777
1043 778
1118 778
1111 778
1334 778
1410 778
1366 778
49 778
1259 779
1275 779
1451 779
1288 779
1286 779
1413 779
49 779
1146 780
1167 780
1489 780
49 780
1327 781
1091 781
1390 781
1467 781
1401 781
47 781
49 781
1057 782
1047 782
1150 782
1315 782
1039 782
1331 782
49 782
1085 783
1342 783
1465 783
1339 783
1281 783
49 783
1244 784
49 784
1488 785
1369 785
1105 785
1071 785
49 785
1009 786
1022 786
1401 786
1305 786
1356 786
49 786
1453 787
1391 787
49 787
1017 788
1470 788
1422 788
1271 788
1312 788
1097 788
49 788
1089 789
1452 789
1202 789
1037 789
1423 789
49 789
1202 790
1122 790
1247 790
1219 790
49 790
1330 791
1009 791
49 791
1285 792
1286 792
1134 792
1254 792
1095 792
1081 792
49 792
1422 793
1292 793
1382 793
49 793
1301 794
1281 794
1205 794
1468 794
1135 794
1307 794
49 794
1203 795
49 795
1321 796
1459 796
1082 796
1273 796
1240 796
1368 796
49 796
1283 797
1141 797
1316 797
1130 797
1200 797
1205 797
49 797
1049 798
1142 798
1388 798
1251 798
49 798
1023 799
1110 799
49 799
1014 800
1398 800
1360 800
1284 800
1116 800
1215 800
49 800
1011 801
1231 801
1170 801
1139 801
1118 801
1140 801
49 801
1316 802
1402 802
49 802
1348 803
49 803
1357 804
1370 804
1157 804
1462 804
47 804
49 804
1035 805
47 805
1084 805
1363 805
1345 805
49 805
1115 806
49 806
1100 807
1460 807
1019 807
1197 807
1119 807
1359 807
49 807
1412 808
1212 808
1111 808
1082 808
49 808
1358 809
1219 809
1108 809
47 809
49 809
1112 810
49 810
1222 811
1129 811
47 811
49 811
1213 812
1284 812
49 812
1044 813
1193 813
1302 813
1160 813
1107 813
1332 813
49 813
1213 814
1255 814
1256 814
49 814
1122 815
1211 815
1332 815
1128 815
1009 815
49 815
1374 816
49 816
1431 817
1276 817
1451 817
49 817
1298 818
1356 818
1317 818
1392 818
1390 818
1217 818
49 818
1207 819
1053 819
1288 819
49 819
1303 820
49 820
1095 821
49 821
1042 822
1236 822
1260 822
49 822
1361 823
1208 823
1231 823
49 823
1088 824
1358 824
1129 824
1408 824
49 824
1345 825
49 825
1365 826
1150 826
1458 826
49 826
1230 827
1331 827
1315 827
1378 827
49 827
1355 828
1397 828
1179 828
1376 828
49 828
1052 829
1247 829
49 829
1375 830
1301 830
49 830
1015 831
1160 831
1291 831
49 831
1208 832
1271 832
1054 832
1241 832
49 832
1252 833
1459 833
49 833
1195 834
1208 834
1394 834
49 834
1407 835
1286 835
1200 835
1457 835
1095 835
1276 835
49 835
1060 836
49 836
1256 837
1096 837
1132 837
1187 837
1209 837
49 837
1420 838
1271 838
1172 838
49 838
1282 839
1122 839
1486 839
1221 839
1262 839
49 839
1100 840
1149 840
47 840
49 840
1284 841
1111 841
1042 841
1366 841
49 841
1156 842
1054 842
1118 842
1236 842
1384 842
1419 842
49 842
1390 843
1024 843
1385 843
1122 843
49 843
1017 844
1459 844
1422 844
1116 844
1284 844
49 844
1354 845
1037 845
1408 845
1154 845
1193 845
1300 845
49 845
1360 846
1172 846
49 846
1218 847
1006 847
1180 847
1374 847
49 847
1490 848
47 848
49 848
1156 849
1324 849
1470 849
1379 849
49 849
1301 850
1383 850
49 850
1435 851
1312 851
49 851
1029 852
1113 852
1336 852
1265 852
49 852
1171 853
1354 853
1308 853
1424 853
1226 853
49 853
1433 854
1306 854
49 854
1333 855
1007 855
1085 855
1254 855
1281 855
1339 855
47 855
49 855
1296 856
1099 856
49 856
1078 857
1484 857
1282 857
49 857
1215 858
1312 858
1474 858
49 858
1369 859
1403 859
1168 859
1350 859
1112 859
1484 859
49 859
47 860
1345 860
1462 860
49 860
47 861
1440 861
1084 861
1051 861
1206 861
49 861
1269 862
1403 862
1467 862
1104 862
1282 862
49 862
1050 863
1380 863
1046 863
49 863
1396 864
1160 864
1089 864
1123 864
49 864
1053 865
47 865
49 865
1051 866
1303 866
49 866
1236 867
1449 867
1252 867
1220 867
1398 867
49 867
1409 868
1263 868
1073 868
49 868
1225 869
1347 869
1200 869
1143 869
1274 869
1010 869
49 869
1146 870
47 870
49 870
1115 871
1419 871
1241 871
1420 871
49 871
1461 872
1199 872
1138 872
1448 872
1402 872
1053 872
49 872
1358 873
1090 873
49 873
1245 874
1187 874
1293 874
1474 874
1136 874
49 874
1262 875
1235 875
49 875
1299 876
49 876
1109 877
1023 877
1154 877
1217 877
1105 877
1210 877
49 877
1010 878
1164 878
1007 878
1184 878
49 878
1363 879
1035 879
1084 879
1051 879
1206 879
49 879
1015 880
1182 880
1224 880
1203 880
49 880
1325 881
1424 881
49 881
1095 882
1151 882
1276 882
1243 882
1141 882
49 882
1415 883
1242 883
49 883
1141 884
1442 884
49 884
1397 885
1314 885
1292 885
1121 885
1454 885
49 885
1112 886
1022 886
1032 886
1037 886
49 886
1162 887
1016 887
1471 887
49 887
1379 888
1142 888
1419 888
1094 888
49 888
1212 889
1255 889
49 889
1173 890
1444 890
1436 890
1297 890
1415 890
49 890
1462 891
1357 891
1370 891
1227 891
1268 891
1277 891
49 891
1139 892
1186 892
1321 892
1352 892
1398 892
49 892
1079 893
1006 893
1008 893
49 893
1346 894
1190 894
1367 894
1136 894
1324 894
1116 894
49 894
1474 895
1384 895
1459 895
1114 895
49 895
1134 896
1164 896
1201 896
1080 896
1074 896
1318 896
49 896
1441 897
1440 897
49 897
1362 898
1035 898
47 898
1280 898
49 898
1292 899
1472 899
1204 899
1419 899
47 899
49 899
1063 900
1077 900
1236 900
49 900
1160 901
1308 901
49 901
1483 902
1282 902
49 902
1173 903
1092 903
1308 903
1406 903
1065 903
1452 903
49 903
1445 904
1322 904
1145 904
1135 904
1169 904
1018 904
49 904
1138 905
1010 905
1134 905
49 905
1380 906
1204 906
1188 906
1144 906
1156 906
49 906
1391 907
1061 907
1149 907
49 907
1263 908
1424 908
1222 908
49 908
1018 909
1377 909
1086 909
1402 909
1347 909
49 909
1283 910
49 910
1119 911
1178 911
1198 911
1395 911
49 911
1083 912
1130 912
49 912
1480 913
1116 913
1055 913
1111 913
1017 913
1142 913
49 913
1013 914
49 914
1078 915
1044 915
1257 915
1202 915
1110 915
1484 915
49 915
1104 916
49 916
1296 917
49 917
1357 918
1414 918
1441 918
47 918
1277 918
49 918
1290 919
1054 919
1058 919
1115 919
49 919
1094 920
49 920
1145 921
1373 921
1034 921
1451 921
1413 921
49 921
1402 922
1450 922
1169 922
1489 922
1117 922
1081 922
49 922
1058 923
1093 923
1437 923
49 923
1260 924
1361 924
47 924
49 924
1345 925
1357 925
47 925
1120 925
1362 925
49 925
1106 926
1402 926
1034 926
1438 926
1216 926
1448 926
49 926
1213 927
1240 927
1050 927
1376 927
1380 927
1215 927
49 927
1094 928
49 928
1418 929
1373 929
1316 929
1201 929
1468 929
1400 929
49 929
1157 930
1239 930
49 930
1288 931
1294 931
1027 931
1307 931
1258 931
49 931
1388 932
1098 932
1253 932
1252 932
49 932
1231 933
1111 933
1236 933
1474 933
49 933
1298 934
1415 934
1341 934
47 934
49 934
1273 935
1314 935
49 935
1441 936
49 936
1451 937
1275 937
1184 937
1085 937
1151 937
49 937
1126 938
49 938
1054 939
1404 939
49 939
1191 940
1138 940
1283 940
1148 940
1184 940
49 940
1067 941
1404 941
1367 941
1449 941
1048 941
49 941
1158 942
1171 942
47 942
49 942
1188 943
1253 943
49 943
1419 944
49 944
1184 945
1038 945
1145 945
49 945
1450 946
49 946
1093 947
1459 947
1245 947
1170 947
1223 947
49 947
1316 948
1031 948
1184 948
1033 948
49 948
1415 949
49 949
1322 950
1205 950
1243 950
1053 950
1473 950
1147 950
49 950
1294 951
1288 951
1333 951
1461 951
1087 951
1117 951
49 951
1020 952
1429 952
1149 952
1391 952
49 952
1250 953
1114 953
49 953
1477 954
49 954
1223 955
1102 955
1426 955
1250 955
1062 955
1376 955
49 955
1227 956
1120 956
1035 956
1345 956
1268 956
49 956
1437 957
1136 957
1233 957
49 957
1052 958
1107 958
1341 958
1210 958
1282 958
1479 958
49 958
1055 959
1376 959
1337 959
49 959
1041 960
1356 960
1129 960
49 960
1061 961
1458 961
1131 961
49 961
1085 962
49 962
1075 963
1056 963
49 963
1415 964
1104 964
49 964
1097 965
1337 965
1055 965
49 965
1241 966
1250 966
49 966
1049 967
1072 967
1043 967
1388 967
49 967
1202 968
1390 968
1041 968
1444 968
1416 968
49 968
1293 969
49 969
1468 970
1259 970
1274 970
1167 970
49 970
1349 971
49 971
1414 972
47 972
1206 972
1030 972
1035 972
1268 972
49 972
1246 973
1477 973
1321 973
1376 973
1093 973
49 973
1065 974
1330 974
49 974
1111 975
49 975
1067 976
49 976
1265 977
1365 977
1047 977
49 977
1268 978
1028 978
49 978
1302 979
1168 979
1219 979
1488 979
1306 979
49 979
1030 980
1362 980
1370 980
49 980
1456 981
1235 981
1122 981
1126 981
49 981
1381 982
49 982
1089 983
1424 983
1295 983
1110 983
1226 983
49 983
1082 984
1215 984
1102 984
1195 984
49 984
1295 985
1217 985
1302 985
49 985
1306 986
1015 986
1325 986
1110 986
1326 986
49 986
1131 987
1061 987
49 987
1113 988
1378 988
49 988
1413 989
1095 989
1199 989
1468 989
1283 989
1184 989
49 989
1099 990
1485 990
49 990
1136 991
1428 991
1048 991
1076 991
1133 991
1472 991
49 991
1343 992
47 992
1357 992
1157 992
47 992
49 992
1218 993
1287 993
1265 993
1029 993
1395 993
1378 993
49 993
1255 994
1410 994
1338 994
49 994
1411 995
1393 995
1333 995
1335 995
1185 995
1196 995
49 995
1321 996
1449 996
1046 996
1273 996
1394 996
49 996
1401 997
1092 997
1221 997
1423 997
1297 997
49 997
1093 998
1248 998
1094 998
1380 998
1096 998
1352 998
49 998
1322 999
1033 999
1294 999
49 999
1182 1000
1282 1000
49 1000
1165 1001
49 1001
1227 1002
1440 1002
1030 1002
1357 1002
49 1002
1329 1003
1342 1003
49 1003
1453 1004
1039 1004
1491 1004
1181 1004
1364 1004
49 1004
49 1005
1117 1007
1162 1019
422 1025
5 1025
355 1028
57 1030
1086 1033
446 1035
84 1035
1120 1035
1019 1039
1469 1039
1052 1041
1348 1047
483 1051
1215 1054
1076 1054
1340 1062
1172 1062
1378 1069
1131 1069
458 1084
223 1084
1277 1084
1441 1084
1112 1089
1037 1089
134 1120
351 1120
1208 1132
1421 1132
1196 1151
1189 1152
1240 1156
64 1157
142 1174
1285 1175
1185 1175
1008 1178
1149 1180
1253 1186
1074 1201
338 1206
1288 1216
411 1227
368 1239
1215 1250
1369 1257
1296 1257
311 1268
252 1268
1219 1270
1347 1274
1383 1274
204 1277
122 1277
474 1280
1379 1284
1027 1285
1191 1285
59 1289
1475 1299
1197 1299
6 1303
8 1309
329 1309
196 1313
1277 1313
1038 1329
1288 1329
1287 1331
1057 1331
1286 1333
1164 1333
1344 1336
1446 1336
397 1343
386 1345
45 1345
449 1345
285 1345
145 1345
237 1345
106 1345
261 1345
228 1345
1 1345
47 1345
1028 1345
363 1357
1131 1359
1344 1359
152 1362
26 1362
480 1363
150 1370
117 1372
227 1372
1027 1377
1127 1377
1263 1385
1224 1385
1458 1391
1162 1391
1435 1404
1034 1405
1322 1405
1246 1412
232 1414
307 1417
165 1417
1355 1420
1136 1420
1360 1425
405 1440
67 1441
57 1441
224 1441
318 1441
323 1441
114 1441
185 1441
426 1441
223 1441
366 1441
1325 1447
1021 1447
1316 1457
497 1462
1295 1467
1153 1467
1177 1469
1374 1469
1209 1480
1187 1480
1369 1492
1390 1492
