613 0
976 0
48 0
648 1
983 1
48 1
48 2
48 3
770 4
663 4
554 4
48 4
896 5
724 5
48 5
560 6
640 6
48 6
48 7
48 8
191 9
48 9
48 10
774 11
48 11
815 12
48 12
755 13
904 13
48 13
335 14
48 14
768 15
536 15
48 15
853 16
656 16
48 16
48 17
962 18
210 18
48 18
645 19
48 19
859 20
48 20
48 21
48 22
944 23
841 23
48 23
48 24
908 25
48 25
898 26
48 26
714 27
48 27
921 28
703 28
91 28
48 28
710 29
331 29
48 29
48 30
697 31
48 31
800 32
532 32
915 32
48 32
48 33
855 34
691 34
976 34
841 34
48 34
592 35
48 35
946 36
48 36
48 37
48 38
570 39
469 39
48 39
972 40
48 40
713 41
48 41
941 42
48 42
683 43
48 43
871 44
48 44
48 45
981 46
48 46
53 50
53 51
53 52
1508 53
1501 53
1499 53
1506 53
1499 53
1502 53
1512 53
1501 53
1511 53
1504 53
1510 53
1503 53
1498 53
1516 53
1514 53
1500 53
1517 53
1507 53
1509 53
1513 53
1508 53
1505 53
1515 53
55 53
53 54
510 55
48 56
1005 57
839 57
48 57
807 58
48 58
48 59
524 60
48 60
48 61
48 62
626 63
48 63
686 64
48 64
763 65
48 65
48 66
704 67
48 67
48 68
574 69
48 69
48 70
48 71
907 72
859 72
947 72
48 72
48 73
614 74
48 74
48 75
48 76
750 77
828 77
48 77
48 78
511 79
48 79
927 80
48 80
48 81
48 82
48 83
48 84
966 85
48 85
48 86
48 87
946 88
363 88
48 88
48 89
48 90
33 91
48 91
141 92
48 92
48 93
625 94
48 94
872 95
48 95
48 96
337 97
48 97
920 98
516 98
48 98
967 99
48 99
48 100
48 101
831 102
48 102
48 103
48 104
548 105
720 105
48 105
48 106
55 107
535 108
812 108
48 108
563 109
48 109
788 110
48 110
853 111
48 111
611 112
623 112
48 112
48 113
939 114
48 114
767 115
939 115
48 115
48 116
973 117
994 117
48 117
580 118
776 118
644 118
48 118
775 119
48 119
48 120
48 121
48 122
48 123
822 124
48 124
48 125
48 126
672 127
48 127
667 128
636 128
872 128
48 128
909 129
357 129
48 129
517 130
48 130
833 131
48 131
48 132
48 133
48 134
48 135
781 136
48 136
48 137
999 138
48 138
48 139
848 140
48 140
48 141
48 142
952 143
48 143
931 144
745 144
48 144
525 145
977 145
48 145
48 146
48 147
560 148
48 148
842 149
48 149
48 150
775 151
48 151
771 152
941 152
546 152
48 152
48 153
632 154
702 154
48 154
48 155
48 156
587 157
48 157
722 158
214 158
48 158
878 159
9 159
48 159
556 160
48 160
938 161
885 161
850 161
757 161
48 161
808 162
48 162
48 163
799 164
567 164
48 164
590 165
621 165
48 165
870 166
832 166
48 166
913 167
874 167
522 167
48 167
48 168
916 169
48 169
48 170
465 171
48 171
602 172
749 172
48 172
705 173
48 173
813 174
48 174
873 175
48 175
48 176
670 177
48 177
966 178
598 178
213 178
48 178
48 179
538 180
868 180
852 180
48 180
48 181
589 182
48 182
48 183
48 184
838 185
605 185
526 185
48 185
985 186
48 186
48 187
671 188
48 188
911 189
48 189
526 190
48 190
48 191
533 192
446 192
48 192
595 193
48 193
982 194
48 194
762 195
48 195
48 196
812 197
497 197
48 197
972 198
759 198
696 198
48 198
646 199
814 199
48 199
618 200
48 200
896 201
48 201
513 202
48 202
1009 203
735 203
776 203
729 203
48 203
881 204
616 204
48 204
48 205
803 206
48 206
48 207
777 208
48 208
710 209
275 209
48 209
48 210
48 211
594 212
48 212
725 213
48 213
997 214
48 214
898 215
571 215
48 215
48 216
570 217
540 217
48 217
1008 218
688 218
48 218
666 219
320 219
48 219
770 220
672 220
48 220
848 221
616 221
970 221
48 221
997 222
731 222
520 222
48 222
944 223
48 223
810 224
695 224
48 224
624 225
48 225
711 226
48 226
970 227
589 227
48 227
612 228
48 228
48 229
729 230
865 230
179 230
48 230
48 231
846 232
48 232
921 233
48 233
793 234
845 234
948 234
897 234
48 234
48 235
615 236
959 236
48 236
313 237
48 237
310 238
48 238
48 239
282 240
48 240
631 241
814 241
48 241
682 242
716 242
48 242
789 243
48 243
48 244
750 245
977 245
48 245
910 246
48 246
771 247
943 247
48 247
783 248
629 248
661 248
48 248
19 249
48 249
875 250
48 250
711 251
48 251
48 252
816 253
937 253
48 253
48 254
48 255
683 256
558 256
48 256
730 257
48 257
521 258
48 258
660 259
603 259
491 259
48 259
1497 260
887 260
576 260
48 260
856 261
48 261
48 262
578 263
48 263
48 264
694 265
964 265
42 265
48 265
923 266
670 266
48 266
48 267
995 268
512 268
792 268
578 268
883 268
48 268
1000 269
48 269
48 270
586 271
799 271
48 271
292 272
48 272
886 273
540 273
991 273
48 273
48 274
1002 275
891 275
48 275
217 276
48 276
600 277
48 277
48 278
48 279
999 280
787 280
48 280
48 281
530 282
840 282
937 282
930 282
48 282
48 283
48 284
48 285
519 286
48 286
691 287
739 287
48 287
48 288
720 289
48 289
523 290
833 290
48 290
48 291
958 292
48 292
48 293
651 294
623 294
467 294
48 294
48 295
709 296
48 296
996 297
625 297
688 297
48 297
980 298
48 298
535 299
876 299
48 299
48 300
858 301
48 301
48 302
48 303
1008 304
844 304
873 304
865 304
48 304
645 305
727 305
930 305
48 305
784 306
48 306
715 307
48 307
739 308
48 308
650 309
48 309
600 310
630 310
48 310
48 311
48 312
48 313
559 314
48 314
810 315
48 315
617 316
719 316
48 316
567 317
48 317
994 318
48 318
48 319
630 320
48 320
48 321
79 322
48 322
773 323
48 323
911 324
951 324
48 324
613 325
869 325
649 325
648 325
684 325
713 325
48 325
895 326
48 326
48 327
48 328
980 329
666 329
571 329
874 329
48 329
908 330
48 330
727 331
48 331
952 332
527 332
48 332
989 333
689 333
48 333
48 334
725 335
832 335
48 335
48 336
686 337
48 337
48 338
685 339
48 339
579 340
48 340
553 341
48 341
517 342
48 342
822 343
854 343
907 343
48 343
860 344
48 344
48 345
679 346
782 346
592 346
386 346
48 346
668 347
48 347
634 348
48 348
673 349
931 349
48 349
610 350
48 350
675 351
48 351
979 352
310 352
48 352
649 353
48 353
795 354
901 354
842 354
48 354
48 355
48 356
973 357
685 357
679 357
915 357
48 357
48 358
886 359
157 359
48 359
1002 360
539 360
632 360
48 360
951 361
48 361
788 362
320 362
48 362
650 363
852 363
48 363
981 364
800 364
48 364
536 365
48 365
925 366
48 366
48 367
988 368
752 368
855 368
48 368
752 369
807 369
48 369
707 370
48 370
48 371
678 372
48 372
48 373
863 374
919 374
48 374
48 375
48 376
48 377
519 378
761 378
48 378
533 379
747 379
929 379
550 379
48 379
67 380
48 380
48 381
773 382
48 382
48 383
996 384
668 384
792 384
48 384
684 385
48 385
846 386
48 386
957 387
984 387
342 387
48 387
284 388
271 388
48 388
407 389
48 389
824 390
651 390
48 390
880 391
48 391
48 392
48 393
828 394
968 394
48 394
646 395
48 395
703 396
621 396
48 396
48 397
48 398
731 399
891 399
48 399
733 400
48 400
766 401
48 401
1003 402
48 402
667 403
768 403
48 403
791 404
48 404
740 405
779 405
48 405
547 406
41 406
48 406
893 407
48 407
904 408
524 408
48 408
1001 409
48 409
675 410
864 410
778 410
48 410
774 411
975 411
805 411
48 411
597 412
48 412
928 413
856 413
48 413
48 414
48 415
48 416
48 417
48 418
635 419
156 419
48 419
850 420
48 420
862 421
715 421
48 421
48 422
552 423
718 423
989 423
903 423
48 423
563 424
662 424
601 424
48 424
48 425
700 426
661 426
48 426
48 427
786 428
591 428
48 428
836 429
751 429
880 429
97 429
48 429
581 430
48 430
48 431
2 432
48 432
548 433
48 433
420 434
48 434
732 435
48 435
726 436
159 436
48 436
542 437
48 437
582 438
48 438
820 439
48 439
948 440
781 440
48 440
48 441
602 442
555 442
409 442
48 442
601 443
566 443
48 443
689 444
48 444
840 445
789 445
48 445
70 446
48 446
579 447
943 447
48 447
664 448
694 448
48 448
48 449
48 450
1003 451
708 451
928 451
522 451
48 451
761 452
869 452
48 452
545 453
671 453
815 453
906 453
48 453
749 454
48 454
736 455
48 455
564 456
48 456
609 457
48 457
48 458
708 459
133 459
48 459
677 460
847 460
48 460
956 461
824 461
48 461
909 462
48 462
759 463
48 463
586 464
48 464
562 465
598 465
48 465
48 466
48 467
48 468
707 469
525 469
628 469
48 469
1001 470
660 470
48 470
48 471
914 472
48 472
48 473
798 474
665 474
48 474
682 475
48 475
48 476
48 477
901 478
857 478
758 478
48 478
624 479
550 479
912 479
48 479
48 480
835 481
48 481
978 482
964 482
48 482
48 483
605 484
48 484
791 485
971 485
48 485
782 486
48 486
690 487
656 487
48 487
48 488
797 489
735 489
48 489
736 490
48 490
48 491
568 492
48 492
588 493
769 493
48 493
938 494
704 494
48 494
346 495
48 495
48 496
583 497
48 497
48 498
539 499
663 499
48 499
48 500
576 501
48 501
756 502
48 502
534 503
687 503
48 503
199 504
48 504
857 505
48 505
48 506
48 507
1497 508
975 508
837 508
48 508
521 509
48 509
51 510
50 510
1118 511
49 511
1180 512
1254 512
1205 512
1148 512
49 512
1185 513
1379 513
1234 513
49 513
1406 514
1303 514
1488 514
1078 514
1057 514
1429 514
49 514
1104 515
49 515
1028 516
1322 516
1487 516
1173 516
49 516
1163 517
1134 517
1093 517
1198 517
1113 517
1026 517
49 517
1429 518
1333 518
1363 518
1449 518
1224 518
1448 518
49 518
1441 519
1216 519
1267 519
1194 519
1358 519
1354 519
49 519
1385 520
1403 520
49 520
1108 521
1345 521
1325 521
49 521
1015 522
1281 522
1111 522
49 522
1051 523
1067 523
1417 523
1077 523
1060 523
1319 523
49 523
1108 524
1389 524
1393 524
49 524
1054 525
1016 525
1123 525
49 525
1446 526
1314 526
1125 526
1350 526
1467 526
49 526
1484 527
1075 527
1408 527
1277 527
49 527
1440 528
1199 528
1417 528
49 528
1276 529
1101 529
1103 529
1372 529
1192 529
49 529
1104 530
1283 530
49 530
1464 531
1366 531
49 531
1019 532
1485 532
1166 532
1384 532
1482 532
1276 532
49 532
1137 533
1147 533
1315 533
1060 533
1365 533
1253 533
49 533
1287 534
49 534
1379 535
1304 535
49 535
1101 536
1402 536
49 536
1102 537
49 537
1437 538
1148 538
1188 538
1129 538
1455 538
49 538
1248 539
1146 539
1435 539
1092 539
49 539
1243 540
1292 540
1451 540
1185 540
1154 540
49 540
1247 541
1197 541
1333 541
1113 541
1094 541
1449 541
49 541
1026 542
1438 542
1095 542
1358 542
1094 542
49 542
1234 543
1249 543
1292 543
1074 543
1272 543
49 543
1458 544
49 544
1214 545
49 545
1206 546
1106 546
1086 546
1299 546
1466 546
49 546
1152 547
1036 547
1323 547
1015 547
1347 547
1412 547
49 547
1041 548
1280 548
1248 548
1436 548
1129 548
1237 548
49 548
1358 549
1355 549
1095 549
1302 549
49 549
1043 550
1088 550
1201 550
1443 550
1466 550
49 550
1148 551
1015 551
1122 551
1407 551
49 551
1457 552
1448 552
1274 552
1283 552
1489 552
49 552
1346 553
1226 553
1028 553
49 553
1466 554
1248 554
1382 554
1148 554
1205 554
49 554
1339 555
1045 555
1298 555
1051 555
1047 555
49 555
1369 556
1481 556
1379 556
1370 556
1328 556
1463 556
49 556
1345 557
1319 557
49 557
1210 558
1327 558
1423 558
1071 558
49 558
1378 559
1407 559
1088 559
49 559
1258 560
1241 560
1343 560
1425 560
49 560
1132 561
1129 561
1455 561
49 561
1163 562
1310 562
1331 562
1130 562
1240 562
49 562
340 563
1040 563
49 563
1456 564
1436 564
49 564
1300 565
1233 565
1266 565
1386 565
49 565
1019 566
1295 566
1345 566
49 566
1014 567
1215 567
1010 567
1198 567
1283 567
1354 567
49 567
1146 568
49 568
1351 569
1116 569
1326 569
1387 569
49 569
303 570
1098 570
1245 570
47 570
49 570
23 571
498 571
496 571
1094 571
1374 571
1335 571
1069 571
1420 571
1444 571
47 571
49 571
1195 572
1417 572
1120 572
1433 572
49 572
1391 573
1405 573
1376 573
1254 573
1242 573
49 573
1354 574
1492 574
49 574
1094 575
1207 575
1267 575
1444 575
1359 575
49 575
1464 576
1236 576
1393 576
1253 576
1459 576
49 576
1459 577
1236 577
1325 577
49 577
1079 578
1023 578
1450 578
1086 578
49 578
178 579
87 579
1495 579
1472 579
1233 579
1222 579
1390 579
47 579
49 579
1023 580
1290 580
1221 580
49 580
1283 581
1158 581
1094 581
1301 581
1096 581
49 581
1469 582
1138 582
1255 582
1265 582
1168 582
1276 582
49 582
1393 583
1218 583
1394 583
1276 583
1214 583
49 583
1365 584
1048 584
49 584
1485 585
1193 585
49 585
1486 586
49 586
1104 587
1227 587
1029 587
1198 587
49 587
1475 588
1317 588
1442 588
1257 588
49 588
1484 589
1198 589
1305 589
1361 589
1158 589
1083 589
49 589
1482 590
1184 590
1343 590
49 590
1291 591
1281 591
1122 591
1210 591
1205 591
1201 591
49 591
1394 592
49 592
1119 593
1371 593
49 593
1061 594
1128 594
1359 594
1305 594
49 594
1109 595
1414 595
1354 595
1330 595
1157 595
1302 595
49 595
1356 596
1214 596
1245 596
1326 596
49 596
1169 597
1398 597
49 597
1052 598
1013 598
1155 598
1284 598
1474 598
1249 598
49 598
1473 599
1023 599
1279 599
49 599
1390 600
1215 600
1274 600
1287 600
49 600
1169 601
1388 601
49 601
1139 602
1418 602
49 602
1369 603
1154 603
1336 603
1370 603
1320 603
1463 603
49 603
1133 604
1240 604
1083 604
49 604
1241 605
1440 605
1325 605
1278 605
1018 605
49 605
1080 606
1222 606
1208 606
1332 606
49 606
1209 607
1101 607
1191 607
49 607
1310 608
1061 608
1109 608
1093 608
1421 608
49 608
1119 609
49 609
1462 610
1447 610
1450 610
1412 610
1143 610
1405 610
49 610
1351 611
1257 611
1191 611
49 611
1066 612
1396 612
1182 612
1369 612
1136 612
1434 612
49 612
1146 613
49 613
451 614
168 614
125 614
493 614
212 614
164 614
1023 614
1151 614
1152 614
1085 614
47 614
49 614
1075 615
1020 615
1227 615
1420 615
49 615
1018 616
1228 616
1298 616
1213 616
1265 616
1144 616
49 616
1365 617
49 617
181 618
1295 618
1103 618
47 618
49 618
1461 619
1165 619
49 619
1413 620
1247 620
1330 620
49 620
1349 621
1155 621
1328 621
1460 621
49 621
1423 622
1352 622
1015 622
1139 622
1237 622
1039 622
49 622
1038 623
1321 623
1205 623
49 623
1403 624
1108 624
1102 624
1055 624
1099 624
49 624
1256 625
1238 625
49 625
1107 626
1345 626
1485 626
49 626
12 627
1035 627
1273 627
1040 627
47 627
49 627
1389 628
1426 628
1257 628
1067 628
1295 628
49 628
316 629
1362 629
1419 629
1125 629
1422 629
47 629
47 629
49 629
244 630
63 630
1485 630
1357 630
1250 630
1373 630
1256 630
1316 630
47 630
49 630
1161 631
1385 631
1271 631
1123 631
49 631
1293 632
49 632
1026 633
49 633
1419 634
1314 634
1056 634
49 634
1142 635
1046 635
1219 635
1489 635
1490 635
1457 635
49 635
1116 636
1325 636
49 636
1085 637
1032 637
1391 637
49 637
1406 638
1178 638
1194 638
1354 638
1444 638
1224 638
49 638
1361 639
49 639
1381 640
1394 640
1184 640
49 640
1278 641
1372 641
49 641
1265 642
1047 642
1409 642
49 642
1185 643
1155 643
1203 643
1202 643
49 643
1364 644
1234 644
1383 644
1223 644
1400 644
1183 644
49 644
1395 645
1397 645
49 645
509 646
347 646
301 646
13 646
1232 646
1162 646
1446 646
1125 646
49 646
256 647
119 647
1350 647
1294 647
49 647
1016 648
1126 648
1433 648
1048 648
1431 648
49 648
1317 649
1051 649
1454 649
49 649
1409 650
1018 650
1365 650
1120 650
1209 650
49 650
1324 651
1180 651
1190 651
49 651
1047 652
1168 652
1082 652
49 652
1124 653
1202 653
1183 653
1154 653
49 653
1448 654
49 654
1128 655
1302 655
1104 655
1491 655
1401 655
1359 655
49 655
1469 656
1403 656
1317 656
1181 656
49 656
1435 657
1470 657
49 657
1283 658
1332 658
49 658
1151 659
1279 659
1407 659
1254 659
1041 659
49 659
1010 660
1095 660
1128 660
1157 660
1164 660
1449 660
49 660
1154 661
1052 661
49 661
85 662
68 662
106 662
166 662
1469 662
1121 662
1315 662
1316 662
47 662
49 662
1268 663
1449 663
1311 663
49 663
1224 664
1486 664
1127 664
49 664
1403 665
1048 665
1195 665
1424 665
49 665
1225 666
1439 666
1339 666
1343 666
1371 666
1228 666
49 666
1309 667
1196 667
49 667
1478 668
1470 668
49 668
1043 669
1293 669
49 669
1441 670
1109 670
1359 670
1046 670
49 670
1456 671
1156 671
1443 671
1085 671
1382 671
1407 671
49 671
1123 672
49 672
1128 673
1452 673
1095 673
1093 673
49 673
1101 674
49 674
1452 675
1130 675
49 675
1440 676
1145 676
1417 676
1081 676
49 676
1226 677
1128 677
1080 677
1262 677
1112 677
49 677
1117 678
1069 678
1267 678
1093 678
1094 678
1486 678
49 678
1380 679
1280 679
1204 679
1388 679
49 679
1029 680
49 680
1018 681
1439 681
49 681
1491 682
49 682
1413 683
1262 683
49 683
1093 684
1411 684
1112 684
49 684
487 685
17 685
296 685
64 685
1056 685
47 685
1375 685
1273 685
1162 685
49 685
409 686
292 686
1196 686
1041 686
47 686
49 686
1141 687
1195 687
1372 687
1329 687
1260 687
1241 687
49 687
1376 688
1450 688
1347 688
1288 688
49 688
1320 689
49 689
1049 690
1080 690
1457 690
1397 690
1287 690
49 690
1082 691
1433 691
1360 691
1119 691
49 691
1269 692
1127 692
1017 692
1354 692
1229 692
49 692
1234 693
1396 693
1202 693
1170 693
1460 693
49 693
409 694
345 694
256 694
178 694
384 694
1273 694
47 694
1211 694
1294 694
49 694
1266 695
49 695
1069 696
49 696
1216 697
1076 697
1159 697
1346 697
49 697
408 698
468 698
230 698
1273 698
47 698
1375 698
1318 698
47 698
1350 698
49 698
1076 699
1046 699
1457 699
1307 699
1104 699
1226 699
49 699
1196 700
49 700
1077 701
49 701
1306 702
49 702
1115 703
49 703
1416 704
1212 704
1050 704
1405 704
1321 704
1418 704
49 704
1365 705
49 705
1064 706
1181 706
1325 706
1479 706
1137 706
1485 706
49 706
1279 707
1405 707
1206 707
1146 707
1221 707
49 707
1332 708
1468 708
1046 708
49 708
1407 709
1039 709
1135 709
1338 709
1169 709
1290 709
49 709
1258 710
1260 710
1138 710
49 710
1263 711
49 711
1486 712
1157 712
49 712
1262 713
1042 713
1110 713
1133 713
49 713
1254 714
1190 714
1416 714
1180 714
1418 714
49 714
1391 715
1153 715
49 715
1305 716
49 716
1450 717
1323 717
49 717
1351 718
1399 718
1326 718
49 718
1075 719
1042 719
49 719
1213 720
49 720
1158 721
1397 721
1239 721
1495 721
49 721
1097 722
1283 722
1031 722
1311 722
1493 722
49 722
1051 723
1384 723
49 723
1481 724
49 724
1194 725
1049 725
1268 725
1275 725
1448 725
49 725
1386 726
1404 726
1130 726
1490 726
49 726
1378 727
1091 727
49 727
1144 728
49 728
1045 729
1246 729
1161 729
1214 729
49 729
1046 730
1095 730
1468 730
1358 730
1301 730
49 730
1225 731
1440 731
1342 731
1253 731
1064 731
49 731
1140 732
49 732
1121 733
1394 733
1415 733
1325 733
49 733
1397 734
49 734
1190 735
1189 735
1148 735
1293 735
1206 735
1140 735
49 735
1371 736
49 736
1128 737
1197 737
1457 737
1262 737
1097 737
49 737
1112 738
1395 738
1222 738
1438 738
1026 738
1240 738
49 738
1141 739
1192 739
1123 739
1464 739
49 739
175 740
97 740
1314 740
1244 740
49 740
1153 741
1079 741
1189 741
49 741
1326 742
1055 742
1339 742
49 742
1017 743
1413 743
49 743
1356 744
1427 744
49 744
1223 745
1171 745
1249 745
1021 745
1105 745
1364 745
49 745
1311 746
1042 746
1421 746
1492 746
49 746
1286 747
1071 747
1032 747
1483 747
49 747
1023 748
49 748
1390 749
1133 749
1277 749
49 749
1227 750
1073 750
1492 750
1413 750
1386 750
49 750
280 751
262 751
112 751
1117 751
1219 751
1207 751
47 751
49 751
1262 752
1408 752
1131 752
1303 752
1173 752
1305 752
49 752
1098 753
49 753
1384 754
49 754
470 755
1056 755
1294 755
1318 755
1350 755
49 755
1299 756
1321 756
1230 756
1188 756
1376 756
1494 756
49 756
1264 757
1299 757
49 757
1075 758
1491 758
1096 758
1275 758
1194 758
1330 758
49 758
1101 759
49 759
1347 760
1242 760
1190 760
1172 760
1376 760
49 760
1069 761
1303 761
1176 761
1226 761
49 761
1429 762
1222 762
1484 762
1131 762
49 762
1441 763
1267 763
1471 763
1305 763
1296 763
1386 763
49 763
1432 764
1150 764
1148 764
1174 764
49 764
1274 765
1277 765
1408 765
1468 765
49 765
251 766
100 766
1486 766
1390 766
47 766
49 766
306 767
398 767
3 767
1467 767
1211 767
1446 767
1179 767
1350 767
49 767
1191 768
1459 768
1326 768
1217 768
49 768
1123 769
1373 769
1199 769
1316 769
1329 769
1258 769
49 769
1118 770
49 770
1205 771
1106 771
1324 771
49 771
1491 772
49 772
1381 773
1392 773
1018 773
49 773
1207 774
49 774
1118 775
1074 775
1463 775
1400 775
1124 775
1066 775
49 775
1139 776
1190 776
1160 776
49 776
9 777
390 777
156 777
1469 777
1051 777
1454 777
1393 777
1175 777
47 777
49 777
1241 778
1168 778
1126 778
1317 778
49 778
1069 779
1073 779
1010 779
1075 779
49 779
1168 780
1054 780
1101 780
49 780
1098 781
49 781
1461 782
1331 782
1094 782
1491 782
1142 782
1395 782
49 782
1048 783
1123 783
1116 783
1339 783
1415 783
1371 783
49 783
1264 784
1280 784
1456 784
1293 784
1291 784
1418 784
49 784
1151 785
1172 785
1494 785
49 785
204 786
191 786
300 786
1332 786
1096 786
1395 786
1472 786
1406 786
47 786
49 786
1062 787
1052 787
1155 787
1320 787
1044 787
1336 787
49 787
1090 788
1347 788
1470 788
1344 788
1286 788
49 788
1249 789
49 789
1493 790
1374 790
1110 790
1076 790
49 790
1014 791
1027 791
1406 791
1310 791
1361 791
49 791
1458 792
1396 792
49 792
1022 793
1475 793
1427 793
1276 793
1317 793
1102 793
49 793
1094 794
1457 794
1207 794
1042 794
1428 794
49 794
1207 795
1127 795
1252 795
1224 795
49 795
1335 796
1014 796
49 796
1290 797
1291 797
1139 797
1259 797
1100 797
1086 797
49 797
1427 798
1297 798
1387 798
49 798
1306 799
1286 799
1210 799
1473 799
1140 799
1312 799
49 799
1208 800
49 800
1326 801
1464 801
1087 801
1278 801
1245 801
1373 801
49 801
1288 802
1146 802
1321 802
1135 802
1205 802
1210 802
49 802
1054 803
1147 803
1393 803
1256 803
49 803
1028 804
1115 804
49 804
1019 805
1403 805
1365 805
1289 805
1121 805
1220 805
49 805
1016 806
1236 806
1175 806
1144 806
1123 806
1145 806
49 806
1321 807
1407 807
49 807
1353 808
49 808
489 809
292 809
373 809
1362 809
1375 809
1162 809
1467 809
47 809
49 809
2 810
233 810
40 810
384 810
89 810
1040 810
47 810
1089 810
1368 810
1350 810
49 810
1120 811
49 811
1105 812
1465 812
1024 812
1202 812
1124 812
1364 812
49 812
1417 813
1217 813
1116 813
1087 813
49 813
119 814
265 814
244 814
1363 814
1224 814
1113 814
47 814
49 814
1117 815
49 815
1227 816
1134 816
47 816
49 816
1218 817
1289 817
49 817
1049 818
1198 818
1307 818
1165 818
1112 818
1337 818
49 818
1218 819
1260 819
1261 819
49 819
1127 820
1216 820
1337 820
1133 820
1014 820
49 820
1379 821
49 821
1436 822
1281 822
1456 822
49 822
1303 823
1361 823
1322 823
1397 823
1395 823
1222 823
49 823
1212 824
1058 824
1293 824
49 824
1308 825
49 825
1100 826
49 826
1047 827
1241 827
1265 827
49 827
1366 828
1213 828
1236 828
49 828
1093 829
1363 829
1134 829
1413 829
49 829
291 830
334 830
427 830
1350 830
49 830
1370 831
1155 831
1463 831
49 831
1235 832
1336 832
1320 832
1383 832
49 832
1360 833
1402 833
1184 833
1381 833
49 833
1057 834
1252 834
49 834
1380 835
1306 835
49 835
1020 836
1165 836
1296 836
49 836
1213 837
1276 837
1059 837
1246 837
49 837
1257 838
1464 838
49 838
1200 839
1213 839
1399 839
49 839
1412 840
1291 840
1205 840
1462 840
1100 840
1281 840
49 840
1065 841
49 841
1261 842
1101 842
1137 842
1192 842
1214 842
49 842
1425 843
1276 843
1177 843
49 843
1287 844
1127 844
1491 844
1226 844
1267 844
49 844
227 845
342 845
292 845
1105 845
1154 845
47 845
49 845
1289 846
1116 846
1047 846
1371 846
49 846
1161 847
1059 847
1123 847
1241 847
1389 847
1424 847
49 847
1395 848
1029 848
1390 848
1127 848
49 848
1022 849
1464 849
1427 849
1121 849
1289 849
49 849
1359 850
1042 850
1413 850
1159 850
1198 850
1305 850
49 850
1365 851
1177 851
49 851
1223 852
1011 852
1185 852
1379 852
49 852
58 853
262 853
242 853
1495 853
47 853
49 853
1161 854
1329 854
1475 854
1384 854
49 854
1306 855
1388 855
49 855
1440 856
1317 856
49 856
1034 857
1118 857
1341 857
1270 857
49 857
1176 858
1359 858
1313 858
1429 858
1231 858
49 858
1438 859
1311 859
49 859
217 860
304 860
88 860
1338 860
1012 860
1090 860
1259 860
1286 860
1344 860
47 860
49 860
1301 861
1104 861
49 861
1083 862
1489 862
1287 862
49 862
1220 863
1317 863
1479 863
49 863
1374 864
1408 864
1173 864
1355 864
1117 864
1489 864
49 864
276 865
89 865
47 865
1350 865
1467 865
49 865
47 866
1445 866
1089 866
1056 866
1211 866
49 866
1274 867
1408 867
1472 867
1109 867
1287 867
49 867
1055 868
1385 868
1051 868
49 868
1401 869
1165 869
1094 869
1128 869
49 869
334 870
46 870
162 870
288 870
1058 870
47 870
49 870
1056 871
1308 871
49 871
1241 872
1454 872
1257 872
1225 872
1403 872
49 872
1414 873
1268 873
1078 873
49 873
1230 874
1352 874
1205 874
1148 874
1279 874
1015 874
49 874
430 875
25 875
112 875
167 875
214 875
1151 875
47 875
49 875
1120 876
1424 876
1246 876
1425 876
49 876
1466 877
1204 877
1143 877
1453 877
1407 877
1058 877
49 877
1363 878
1095 878
49 878
1250 879
1192 879
1298 879
1479 879
1141 879
49 879
1267 880
1240 880
49 880
1304 881
49 881
1114 882
1028 882
1159 882
1222 882
1110 882
1215 882
49 882
1015 883
1169 883
1012 883
1189 883
49 883
481 884
254 884
212 884
435 884
319 884
1368 884
1040 884
1089 884
1056 884
1211 884
49 884
1020 885
1187 885
1229 885
1208 885
49 885
1330 886
1429 886
49 886
1100 887
1156 887
1281 887
1248 887
1146 887
49 887
1420 888
1247 888
49 888
1146 889
1447 889
49 889
1402 890
1319 890
1297 890
1126 890
1459 890
49 890
1117 891
1027 891
1037 891
1042 891
49 891
1167 892
1021 892
1476 892
49 892
1384 893
1147 893
1424 893
1099 893
49 893
1217 894
1260 894
49 894
1178 895
1449 895
1441 895
1302 895
1420 895
49 895
386 896
125 896
176 896
1467 896
1362 896
1375 896
1232 896
1273 896
1282 896
49 896
1144 897
1191 897
1326 897
1357 897
1403 897
49 897
1084 898
1011 898
1013 898
49 898
1351 899
1195 899
1372 899
1141 899
1329 899
1121 899
49 899
1479 900
1389 900
1464 900
1119 900
49 900
1139 901
1169 901
1206 901
1085 901
1079 901
1323 901
49 901
393 902
498 902
294 902
4 902
1446 902
1445 902
49 902
1367 903
1040 903
47 903
1285 903
49 903
232 904
127 904
423 904
275 904
161 904
313 904
1297 904
1477 904
1209 904
1424 904
47 904
49 904
1068 905
1082 905
1241 905
49 905
1165 906
1313 906
49 906
1488 907
1287 907
49 907
1178 908
1097 908
1313 908
1411 908
1070 908
1457 908
49 908
1450 909
1327 909
1150 909
1140 909
1174 909
1023 909
49 909
1143 910
1015 910
1139 910
49 910
1385 911
1209 911
1193 911
1149 911
1161 911
49 911
1396 912
1066 912
1154 912
49 912
1268 913
1429 913
1227 913
49 913
1023 914
1382 914
1091 914
1407 914
1352 914
49 914
1288 915
49 915
1124 916
1183 916
1203 916
1400 916
49 916
1088 917
1135 917
49 917
1485 918
1121 918
1060 918
1116 918
1022 918
1147 918
49 918
1018 919
49 919
1083 920
1049 920
1262 920
1207 920
1115 920
1489 920
49 920
1109 921
49 921
1301 922
49 922
151 923
1362 923
1419 923
1446 923
47 923
1282 923
49 923
1295 924
1059 924
1063 924
1120 924
49 924
1099 925
49 925
1150 926
1378 926
1039 926
1456 926
1418 926
49 926
1407 927
1455 927
1174 927
1494 927
1122 927
1086 927
49 927
1063 928
1098 928
1442 928
49 928
203 929
332 929
1265 929
1366 929
47 929
49 929
498 930
172 930
1350 930
1362 930
47 930
1125 930
1367 930
49 930
1111 931
1407 931
1039 931
1443 931
1221 931
1453 931
49 931
1218 932
1245 932
1055 932
1381 932
1385 932
1220 932
49 932
1099 933
49 933
1423 934
1378 934
1321 934
1206 934
1473 934
1405 934
49 934
219 935
157 935
446 935
1162 935
1244 935
49 935
1293 936
1299 936
1032 936
1312 936
1263 936
49 936
1393 937
1103 937
1258 937
1257 937
49 937
1236 938
1116 938
1241 938
1479 938
49 938
328 939
163 939
1303 939
1420 939
1346 939
47 939
49 939
1278 940
1319 940
49 940
91 941
408 941
1446 941
49 941
1456 942
1280 942
1189 942
1090 942
1156 942
49 942
1131 943
49 943
1059 944
1409 944
49 944
1196 945
1143 945
1288 945
1153 945
1189 945
49 945
1072 946
1409 946
1372 946
1454 946
1053 946
49 946
279 947
250 947
230 947
1163 947
1176 947
47 947
49 947
1193 948
1258 948
49 948
1424 949
49 949
1189 950
1043 950
1150 950
49 950
1455 951
49 951
1098 952
1464 952
1250 952
1175 952
1228 952
49 952
1321 953
1036 953
1189 953
1038 953
49 953
1420 954
49 954
1327 955
1210 955
1248 955
1058 955
1478 955
1152 955
49 955
1299 956
1293 956
1338 956
1466 956
1092 956
1122 956
49 956
1025 957
1434 957
1154 957
1396 957
49 957
1255 958
1119 958
49 958
1482 959
49 959
1228 960
1107 960
1431 960
1255 960
1067 960
1381 960
49 960
356 961
24 961
128 961
350 961
196 961
171 961
228 961
1232 961
1125 961
1040 961
1350 961
1273 961
49 961
1442 962
1141 962
1238 962
49 962
1057 963
1112 963
1346 963
1215 963
1287 963
1484 963
49 963
1060 964
1381 964
1342 964
49 964
1046 965
1361 965
1134 965
49 965
1066 966
1463 966
1136 966
49 966
1090 967
49 967
1080 968
1061 968
49 968
1420 969
1109 969
49 969
1102 970
1342 970
1060 970
49 970
1246 971
1255 971
49 971
1054 972
1077 972
1048 972
1393 972
49 972
1207 973
1395 973
1046 973
1449 973
1421 973
49 973
1298 974
49 974
1473 975
1264 975
1279 975
1172 975
49 975
1354 976
49 976
493 977
215 977
284 977
70 977
1419 977
47 977
1211 977
1035 977
1040 977
1273 977
49 977
1251 978
1482 978
1326 978
1381 978
1098 978
49 978
1070 979
1335 979
49 979
1116 980
49 980
1072 981
49 981
1270 982
1370 982
1052 982
49 982
502 983
154 983
83 983
1273 983
1033 983
49 983
1307 984
1173 984
1224 984
1493 984
1311 984
49 984
145 985
66 985
1035 985
1367 985
1375 985
49 985
1461 986
1240 986
1127 986
1131 986
49 986
1386 987
49 987
1094 988
1429 988
1300 988
1115 988
1231 988
49 988
1087 989
1220 989
1107 989
1200 989
49 989
1300 990
1222 990
1307 990
49 990
1311 991
1020 991
1330 991
1115 991
1331 991
49 991
1136 992
1066 992
49 992
1118 993
1383 993
49 993
1418 994
1100 994
1204 994
1473 994
1288 994
1189 994
49 994
1104 995
1490 995
49 995
1141 996
1433 996
1053 996
1081 996
1138 996
1477 996
49 996
474 997
458 997
71 997
251 997
1348 997
47 997
1362 997
1162 997
47 997
49 997
1223 998
1292 998
1270 998
1034 998
1400 998
1383 998
49 998
1260 999
1415 999
1343 999
49 999
1416 1000
1398 1000
1338 1000
1340 1000
1190 1000
1201 1000
49 1000
1326 1001
1454 1001
1051 1001
1278 1001
1399 1001
49 1001
1406 1002
1097 1002
1226 1002
1428 1002
1302 1002
49 1002
1098 1003
1253 1003
1099 1003
1385 1003
1101 1003
1357 1003
49 1003
1327 1004
1038 1004
1299 1004
49 1004
1187 1005
1287 1005
49 1005
1170 1006
49 1006
202 1007
100 1007
441 1007
1232 1007
1445 1007
1035 1007
1362 1007
49 1007
1334 1008
1347 1008
49 1008
1458 1009
1044 1009
1496 1009
1186 1009
1369 1009
49 1009
49 1010
1122 1012
1167 1024
225 1030
427 1030
5 1030
360 1033
82 1033
360 1033
301 1035
491 1035
61 1035
1091 1038
240 1040
371 1040
243 1040
451 1040
88 1040
1125 1040
1024 1044
1474 1044
1057 1046
1353 1052
88 1056
302 1056
409 1056
89 1056
488 1056
1220 1059
1081 1059
1345 1067
1177 1067
1383 1074
1136 1074
205 1089
158 1089
473 1089
180 1089
154 1089
463 1089
228 1089
1282 1089
1446 1089
1117 1094
1042 1094
212 1125
349 1125
414 1125
109 1125
142 1125
139 1125
356 1125
1213 1137
1426 1137
1201 1156
1194 1157
1245 1161
1419 1162
136 1162
272 1162
190 1162
68 1162
275 1179
0 1179
428 1179
415 1179
295 1179
26 1179
147 1179
1290 1180
1190 1180
1013 1183
1154 1185
1258 1191
1079 1206
449 1211
79 1211
57 1211
343 1211
1293 1221
305 1232
75 1232
416 1232
143 1244
287 1244
406 1244
18 1244
234 1244
373 1244
1220 1255
1374 1262
1301 1262
183 1273
278 1273
160 1273
316 1273
257 1273
1224 1275
1352 1279
1388 1279
468 1282
29 1282
306 1282
209 1282
127 1282
180 1285
139 1285
479 1285
1384 1289
1032 1290
1196 1290
428 1294
414 1294
369 1294
130 1294
63 1294
1480 1304
1202 1304
440 1308
248 1308
6 1308
64 1314
181 1314
348 1314
463 1314
8 1314
334 1314
131 1318
380 1318
201 1318
1282 1318
1043 1334
1293 1334
1292 1336
1062 1336
1291 1338
1169 1338
1349 1341
1451 1341
230 1348
446 1348
402 1348
403 1350
391 1350
45 1350
454 1350
290 1350
150 1350
242 1350
111 1350
266 1350
233 1350
1 1350
47 1350
1033 1350
75 1362
2 1362
462 1362
368 1362
1136 1364
1349 1364
235 1367
358 1367
336 1367
157 1367
26 1367
236 1368
479 1368
338 1368
485 1368
78 1375
309 1375
487 1375
117 1375
155 1375
408 1377
459 1377
495 1377
82 1377
66 1377
389 1377
480 1377
122 1377
232 1377
1032 1382
1132 1382
1268 1390
1229 1390
1463 1396
1167 1396
1440 1409
1039 1410
1327 1410
1251 1417
384 1419
342 1419
117 1419
101 1419
500 1419
424 1419
237 1419
283 1422
380 1422
376 1422
461 1422
312 1422
170 1422
1360 1425
1141 1425
1365 1430
509 1445
371 1445
501 1445
410 1445
1534 1446
985 1446
182 1446
394 1446
339 1446
71 1446
61 1446
229 1446
323 1446
328 1446
119 1446
190 1446
431 1446
228 1446
371 1446
1330 1452
1026 1452
1321 1462
180 1467
502 1467
1300 1472
1158 1472
1182 1474
1379 1474
1214 1485
1192 1485
1374 1497
1395 1497
253 1498
165 1498
34 1498
96 1498
111 1498
151 1498
216 1498
330 1498
482 1498
137 1498
269 1498
321 1498
174 1498
129 1498
508 1498
28 1498
306 1498
368 1498
57 1498
259 1498
60 1498
494 1498
242 1498
485 1498
351 1498
296 1498
33 1498
266 1498
365 1498
390 1498
93 1498
350 1498
176 1498
383 1498
117 1498
35 1498
352 1498
149 1498
237 1498
218 1498
220 1498
72 1498
135 1498
279 1498
248 1498
334 1498
319 1498
227 1498
197 1498
68 1498
467 1499
278 1499
95 1499
175 1499
14 1499
328 1499
199 1499
455 1499
444 1499
481 1499
404 1499
66 1499
277 1499
287 1499
158 1499
214 1499
425 1499
12 1499
301 1499
43 1499
276 1499
459 1499
168 1499
101 1499
424 1499
263 1499
112 1499
431 1499
369 1499
159 1499
37 1499
421 1499
412 1499
77 1499
73 1499
145 1499
10 1499
27 1499
65 1499
255 1499
337 1499
341 1499
39 1499
429 1499
56 1499
335 1499
21 1499
313 1499
256 1499
324 1499
130 1500
458 1500
343 1500
250 1500
293 1500
247 1500
122 1500
451 1500
88 1500
416 1500
329 1500
18 1500
141 1500
314 1500
226 1500
106 1500
391 1500
217 1500
86 1500
25 1500
17 1500
378 1500
13 1500
91 1500
155 1500
75 1500
233 1500
498 1500
182 1500
166 1500
382 1500
228 1500
192 1500
347 1500
208 1500
428 1500
284 1500
8 1500
418 1500
119 1500
460 1500
470 1500
251 1500
71 1500
99 1500
205 1500
38 1500
356 1500
396 1500
353 1500
374 1501
359 1501
1 1501
240 1501
81 1501
138 1501
257 1501
225 1501
170 1501
443 1501
6 1501
30 1501
185 1501
436 1501
156 1501
415 1501
275 1501
407 1501
492 1501
238 1501
167 1501
410 1501
381 1501
132 1501
452 1501
478 1501
229 1501
131 1501
162 1501
94 1501
252 1501
108 1501
44 1501
3 1501
450 1501
291 1501
20 1501
479 1501
489 1501
453 1501
433 1501
423 1501
109 1501
388 1501
23 1501
89 1501
190 1501
4 1501
195 1501
134 1501
61 1502
123 1502
357 1502
315 1502
327 1502
303 1502
254 1502
308 1502
384 1502
105 1502
413 1502
377 1502
236 1502
74 1502
290 1502
115 1502
118 1502
420 1502
87 1502
11 1502
318 1502
188 1502
454 1502
483 1502
282 1502
222 1502
401 1502
493 1502
215 1502
505 1502
157 1502
403 1502
181 1502
506 1502
152 1502
367 1502
285 1502
261 1502
0 1502
58 1502
116 1502
113 1502
202 1502
164 1502
29 1502
509 1502
244 1502
502 1502
154 1502
270 1502
7 1503
295 1503
189 1503
272 1503
194 1503
204 1503
161 1503
235 1503
24 1503
169 1503
325 1503
408 1503
348 1503
344 1503
186 1503
323 1503
92 1503
332 1503
310 1503
283 1503
124 1503
426 1503
184 1503
172 1503
397 1503
355 1503
354 1503
128 1503
358 1503
294 1503
349 1503
148 1503
232 1503
375 1503
70 1503
379 1503
139 1503
69 1503
41 1503
173 1503
304 1503
322 1503
230 1503
475 1503
84 1503
79 1503
267 1503
499 1503
289 1503
219 1503
16 1504
386 1504
405 1504
262 1504
203 1504
363 1504
196 1504
231 1504
393 1504
125 1504
409 1504
490 1504
371 1504
15 1504
297 1504
201 1504
501 1504
474 1504
500 1504
64 1504
193 1504
187 1504
9 1504
271 1504
380 1504
437 1504
457 1504
63 1504
234 1504
36 1504
265 1504
440 1504
300 1504
85 1504
399 1504
503 1504
417 1504
142 1504
497 1504
362 1504
120 1504
146 1504
274 1504
90 1504
372 1504
496 1504
317 1504
179 1504
224 1504
78 1504
212 1505
376 1505
281 1505
466 1505
480 1505
468 1505
127 1505
5 1505
246 1505
83 1505
311 1505
245 1505
441 1505
31 1505
316 1505
504 1505
32 1505
342 1505
206 1505
462 1505
62 1505
446 1505
2 1505
160 1505
200 1505
333 1505
46 1505
136 1505
102 1505
370 1505
59 1505
400 1505
143 1505
213 1505
486 1505
180 1505
150 1505
430 1505
473 1505
209 1505
144 1505
260 1505
114 1505
427 1505
434 1505
147 1505
299 1505
435 1505
239 1505
432 1505
97 1506
153 1506
402 1506
309 1506
163 1506
302 1506
273 1506
312 1506
336 1506
40 1506
110 1506
487 1506
207 1506
507 1506
286 1506
469 1506
442 1506
414 1506
183 1506
447 1506
331 1506
171 1506
243 1506
395 1506
221 1506
463 1506
448 1506
392 1506
385 1506
268 1506
387 1506
292 1506
491 1506
477 1506
398 1506
22 1506
472 1506
464 1506
45 1506
445 1506
439 1506
406 1506
419 1506
241 1506
465 1506
495 1506
82 1506
449 1506
339 1506
191 1506
373 1507
366 1507
140 1507
103 1507
411 1507
264 1507
326 1507
288 1507
361 1507
456 1507
249 1507
104 1507
198 1507
305 1507
461 1507
345 1507
100 1507
394 1507
320 1507
438 1507
340 1507
476 1507
98 1507
177 1507
178 1507
338 1507
258 1507
223 1507
280 1507
26 1507
488 1507
422 1507
19 1507
307 1507
484 1507
211 1507
298 1507
346 1507
364 1507
471 1507
389 1507
67 1507
133 1507
126 1507
360 1507
121 1507
210 1507
42 1507
76 1507
80 1507
632 1508
925 1508
937 1508
885 1508
603 1508
879 1508
793 1508
649 1508
823 1508
1008 1508
527 1508
536 1508
664 1508
976 1508
738 1508
529 1508
771 1508
1003 1508
683 1508
810 1508
698 1508
605 1508
814 1508
577 1508
562 1508
751 1508
757 1508
882 1508
967 1508
648 1508
796 1508
852 1508
588 1508
843 1508
871 1508
1004 1508
994 1508
881 1508
783 1508
953 1508
777 1508
569 1508
762 1508
841 1508
800 1508
744 1508
856 1508
709 1508
638 1508
849 1508
723 1509
663 1509
516 1509
781 1509
864 1509
970 1509
557 1509
616 1509
737 1509
677 1509
797 1509
519 1509
984 1509
896 1509
662 1509
870 1509
532 1509
513 1509
891 1509
656 1509
975 1509
958 1509
629 1509
954 1509
778 1509
555 1509
829 1509
545 1509
890 1509
614 1509
754 1509
533 1509
640 1509
788 1509
832 1509
746 1509
809 1509
782 1509
824 1509
848 1509
690 1509
828 1509
962 1509
926 1509
531 1509
983 1509
934 1509
726 1509
836 1509
755 1509
525 1510
862 1510
935 1510
792 1510
907 1510
559 1510
609 1510
816 1510
961 1510
806 1510
952 1510
950 1510
964 1510
869 1510
671 1510
534 1510
676 1510
740 1510
631 1510
665 1510
703 1510
912 1510
608 1510
643 1510
625 1510
660 1510
571 1510
875 1510
980 1510
887 1510
909 1510
645 1510
579 1510
948 1510
561 1510
851 1510
633 1510
813 1510
905 1510
972 1510
742 1510
894 1510
692 1510
780 1510
612 1510
672 1510
537 1510
521 1510
811 1510
914 1510
799 1511
653 1511
681 1511
597 1511
860 1511
750 1511
708 1511
767 1511
785 1511
523 1511
524 1511
622 1511
865 1511
1002 1511
960 1511
761 1511
988 1511
943 1511
701 1511
673 1511
729 1511
974 1511
564 1511
735 1511
589 1511
804 1511
999 1511
986 1511
815 1511
992 1511
628 1511
697 1511
599 1511
784 1511
558 1511
861 1511
835 1511
702 1511
689 1511
618 1511
993 1511
621 1511
877 1511
554 1511
511 1511
921 1511
627 1511
1009 1511
1007 1511
997 1511
977 1512
786 1512
593 1512
578 1512
772 1512
920 1512
883 1512
752 1512
775 1512
747 1512
715 1512
601 1512
736 1512
802 1512
606 1512
971 1512
542 1512
581 1512
847 1512
827 1512
570 1512
655 1512
641 1512
874 1512
617 1512
900 1512
863 1512
946 1512
911 1512
949 1512
866 1512
586 1512
895 1512
675 1512
794 1512
518 1512
687 1512
551 1512
652 1512
727 1512
989 1512
872 1512
572 1512
878 1512
639 1512
538 1512
704 1512
646 1512
932 1512
547 1512
574 1513
679 1513
678 1513
826 1513
688 1513
929 1513
859 1513
611 1513
733 1513
987 1513
803 1513
661 1513
839 1513
556 1513
626 1513
724 1513
838 1513
966 1513
748 1513
807 1513
696 1513
990 1513
825 1513
700 1513
787 1513
889 1513
765 1513
685 1513
674 1513
944 1513
691 1513
595 1513
902 1513
892 1513
769 1513
906 1513
915 1513
768 1513
763 1513
857 1513
930 1513
1000 1513
770 1513
773 1513
819 1513
670 1513
694 1513
760 1513
620 1513
619 1513
705 1514
868 1514
711 1514
991 1514
582 1514
520 1514
515 1514
886 1514
837 1514
594 1514
739 1514
684 1514
720 1514
846 1514
615 1514
634 1514
1497 1514
549 1514
927 1514
910 1514
565 1514
789 1514
743 1514
820 1514
573 1514
766 1514
834 1514
716 1514
730 1514
941 1514
651 1514
924 1514
592 1514
831 1514
931 1514
637 1514
876 1514
928 1514
596 1514
821 1514
922 1514
888 1514
776 1514
658 1514
699 1514
591 1514
884 1514
842 1514
790 1514
833 1514
607 1515
779 1515
774 1515
530 1515
1001 1515
791 1515
725 1515
624 1515
714 1515
918 1515
644 1515
568 1515
956 1515
598 1515
722 1515
566 1515
575 1515
668 1515
647 1515
996 1515
585 1515
680 1515
923 1515
959 1515
580 1515
917 1515
541 1515
995 1515
654 1515
659 1515
951 1515
1005 1515
795 1515
812 1515
587 1515
512 1515
613 1515
710 1515
899 1515
610 1515
630 1515
540 1515
880 1515
981 1515
682 1515
850 1515
936 1515
528 1515
749 1515
734 1515
548 1516
695 1516
985 1516
543 1516
732 1516
666 1516
718 1516
845 1516
817 1516
576 1516
893 1516
938 1516
635 1516
965 1516
759 1516
563 1516
867 1516
853 1516
756 1516
522 1516
535 1516
969 1516
808 1516
898 1516
858 1516
602 1516
717 1516
998 1516
719 1516
713 1516
707 1516
753 1516
908 1516
947 1516
514 1516
801 1516
933 1516
600 1516
584 1516
805 1516
657 1516
979 1516
517 1516
968 1516
712 1516
604 1516
686 1516
741 1516
897 1516
840 1516
873 1517
642 1517
945 1517
855 1517
955 1517
745 1517
706 1517
978 1517
844 1517
590 1517
939 1517
636 1517
854 1517
973 1517
919 1517
546 1517
758 1517
721 1517
916 1517
567 1517
830 1517
731 1517
553 1517
693 1517
728 1517
539 1517
822 1517
526 1517
623 1517
963 1517
764 1517
669 1517
544 1517
1006 1517
552 1517
667 1517
583 1517
942 1517
940 1517
904 1517
903 1517
957 1517
798 1517
913 1517
650 1517
550 1517
560 1517
818 1517
982 1517
901 1517
1499 1518
1505 1519
1516 1519
1508 1519
1505 1520
1514 1520
1512 1520
1512 1521
1515 1521
1507 1522
1503 1522
1513 1523
1498 1523
1510 1524
1509 1525
1511 1525
1512 1526
1499 1527
1513 1527
1514 1528
1503 1528
1501 1528
1507 1529
1514 1530
1509 1530
1511 1531
1501 1531
1503 1531
1516 1532
1504 1532
1515 1532
1503 1533
1501 1533
1514 1533
1505 1534
1510 1534
1516 1535
1513 1536
1507 1536
1516 1536
